Sample	Quality	Age	Cohort	Core	I	Year	Increment	X	Y
1	3	6	2014	321.4	core			24	2256
1	3	6	2014	321.4	1	2015	393.8	677	1771
1	3	6	2014	321.4	2	2016	202.8	1013	1521
1	3	6	2014	321.4	3	2017	163.2	1284	1320
1	3	6	2014	321.4	4	2018	139.4	1515	1148
1	3	6	2014	321.4	5	2019	133.0	1736	985
1	3	6	2014	321.4	6	2020	232.3	2121	698
1	3	6	2014	321.4	edge		99.3	2286	576
10	3	2	2018	424.8	core			171	1429
10	3	2	2018	424.8	1	2019	586.2	1138	700
10	3	2	2018	424.8	2	2020	179.3	1434	477
10	3	2	2018	424.8	edge		100.7	1600	352
11	3	3	2017	332.9	core			448	1595
11	3	3	2017	332.9	1	2018	564.5	1431	967
11	3	3	2017	332.9	2	2019	259.3	1882	679
11	3	3	2017	332.9	3	2020	162.8	2166	498
11	3	3	2017	332.9	edge		106.9	2352	379
12	3	5	2015	473.8	core			504	1514
12	3	5	2015	473.8	1	2016	376.8	1238	1254
12	3	5	2015	473.8	2	2017	295.6	1813	1050
12	3	5	2015	473.8	3	2018	213.3	2229	903
12	3	5	2015	473.8	4	2019	144.3	2510	803
12	3	5	2015	473.8	5	2020	150.6	2803	700
12	3	5	2015	473.8	edge		48.6	2898	666
13	3	2	2018	407.5	core			375	1196
13	3	2	2018	407.5	1	2019	445.0	1181	754
13	3	2	2018	407.5	2	2020	260.8	1654	496
13	3	2	2018	407.5	edge		128.6	1887	368
14	3	9	2011	714.9	core			968	2986
14	3	9	2011	714.9	1	2012	445.7	1711	2442
14	3	9	2011	714.9	2	2013	275.9	2171	2106
14	3	9	2011	714.9	3	2014	129.0	2386	1949
14	3	9	2011	714.9	4	2015	141.1	2622	1776
14	3	9	2011	714.9	5	2016	123.2	2827	1626
14	3	9	2011	714.9	6	2017	99.9	2994	1504
14	3	9	2011	714.9	7	2018	112.1	3181	1367
14	3	9	2011	714.9	8	2019	103.4	3353	1241
14	3	9	2011	714.9	9	2020	99.9	3519	1119
14	3	9	2011	714.9	edge		80.7	3654	1021
15	3	8	2012	546.5	core			452	1476
15	3	8	2012	546.5	1	2013	468.9	1391	1238
15	3	8	2012	546.5	2	2014	171.9	1735	1151
15	3	8	2012	546.5	3	2015	131.0	1998	1085
15	3	8	2012	546.5	4	2016	169.8	2338	999
15	3	8	2012	546.5	5	2017	171.8	2682	912
15	3	8	2012	546.5	6	2018	150.0	2982	836
15	3	8	2012	546.5	7	2019	137.3	3257	766
15	3	8	2012	546.5	8	2020	88.1	3434	721
15	3	8	2012	546.5	edge		38.0	3510	702
16	3	2	2018	270.9	core			569	1097
16	3	2	2018	270.9	1	2019	399.5	1297	708
16	3	2	2018	270.9	2	2020	246.4	1745	467
16	3	2	2018	270.9	edge		154.7	2027	316
17	3	7	2013	368.7	core			1919	2853
17	3	7	2013	368.7	1	2014	545.7	2890	2280
17	3	7	2013	368.7	2	2015	277.2	3383	1990
17	3	7	2013	368.7	3	2016	150.1	3651	1832
17	3	7	2013	368.7	4	2017	167.3	3948	1657
17	3	7	2013	368.7	5	2018	150.7	4217	1498
17	3	7	2013	368.7	6	2019	145.3	4475	1346
17	3	7	2013	368.7	7	2020	131.9	4710	1208
17	3	7	2013	368.7	edge		92.8	4875	1110
18	3	2	2018	304.0	core			1172	1604
18	3	2	2018	304.0	1	2019	479.7	1932	968
18	3	2	2018	304.0	2	2020	212.7	2269	686
18	3	2	2018	304.0	edge		154.4	2513	481
19	3	4	2016	391.7	core			747	1680
19	3	4	2016	391.7	1	2017	354.4	1366	1289
19	3	4	2016	391.7	2	2018	358.5	1993	894
19	3	4	2016	391.7	3	2019	154.9	2264	724
19	3	4	2016	391.7	4	2020	96.6	2433	617
19	3	4	2016	391.7	edge		102.7	2612	504
2	3	2	2018	345.8	core			897	1045
2	3	2	2018	345.8	1	2019	294.8	1427	745
2	3	2	2018	345.8	2	2020	266.8	1907	474
2	3	2	2018	345.8	edge		273.0	2398	196
20	3	2	2018	383.9	core			496	1732
20	3	2	2018	383.9	1	2019	491.4	1364	1205
20	3	2	2018	383.9	2	2020	405.1	2079	770
20	3	2	2018	383.9	edge		230.9	2487	522
21	3	4	2016	281.7	core			906	1508
21	3	4	2016	281.7	1	2017	426.0	1730	1199
21	3	4	2016	281.7	2	2018	242.5	2199	1024
21	3	4	2016	281.7	3	2019	239.1	2662	851
21	3	4	2016	281.7	4	2020	208.9	3066	699
21	3	4	2016	281.7	edge		100.1	3260	627
22	3	3	2017	424.6	core			1041	1993
22	3	3	2017	424.6	1	2018	655.2	2287	1463
22	3	3	2017	424.6	2	2019	288.7	2835	1230
22	3	3	2017	424.6	3	2020	217.4	3249	1054
22	3	3	2017	424.6	edge		153.3	3540	930
23	3	1	2019	317.3	core			852	1026
23	3	1	2019	317.3	1	2020	589.0	1959	519
23	3	1	2019	317.3	edge		244.1	2417	310
24	3	8	2012	287.8	core			888	1932
24	3	8	2012	287.8	1	2013	512.7	1901	1622
24	3	8	2012	287.8	2	2014	206.9	2309	1497
24	3	8	2012	287.8	3	2015	135.8	2578	1414
24	3	8	2012	287.8	4	2016	219.5	3011	1282
24	3	8	2012	287.8	5	2017	104.8	3218	1218
24	3	8	2012	287.8	6	2018	116.6	3449	1148
24	3	8	2012	287.8	7	2019	78.2	3603	1100
24	3	8	2012	287.8	8	2020	106.5	3814	1036
24	3	8	2012	287.8	edge		55.9	3924	1002
25	3	10	2010	375.3	core			20	2295
25	3	10	2010	375.3	1	2011	324.2	638	2037
25	3	10	2010	375.3	2	2012	280.3	1173	1814
25	3	10	2010	375.3	3	2013	227.6	1606	1633
25	3	10	2010	375.3	4	2014	197.8	1984	1476
25	3	10	2010	375.3	5	2015	107.2	2188	1390
25	3	10	2010	375.3	6	2016	118.0	2413	1297
25	3	10	2010	375.3	7	2017	102.2	2608	1215
25	3	10	2010	375.3	8	2018	107.2	2812	1130
25	3	10	2010	375.3	9	2019	109.3	3021	1043
25	3	10	2010	375.3	10	2020	122.1	3253	946
25	3	10	2010	375.3	edge		72.7	3392	888
26	3	6	2014	476.3	core			735	2232
26	3	6	2014	476.3	1	2015	342.5	1388	1959
26	3	6	2014	476.3	2	2016	260.8	1886	1751
26	3	6	2014	476.3	3	2017	238.5	2340	1561
26	3	6	2014	476.3	4	2018	233.7	2785	1374
26	3	6	2014	476.3	5	2019	247.9	3258	1177
26	3	6	2014	476.3	6	2020	156.0	3555	1052
26	3	6	2014	476.3	edge		47.5	3646	1014
27	3	4	2016	323.2	core			767	1774
27	3	4	2016	323.2	1	2017	435.6	1605	1446
27	3	4	2016	323.2	2	2018	311.3	2204	1211
27	3	4	2016	323.2	3	2019	164.0	2519	1088
27	3	4	2016	323.2	4	2020	164.1	2835	964
27	3	4	2016	323.2	edge		130.7	3086	866
28	3	3	2017	158.6	core			874	1383
28	3	3	2017	158.6	1	2018	438.0	1649	916
28	3	3	2017	158.6	2	2019	227.3	2051	673
28	3	3	2017	158.6	3	2020	318.7	2615	334
28	3	3	2017	158.6	edge		99.7	2792	227
29	3	4	2016	320.0	core			293	1359
29	3	4	2016	320.0	1	2017	359.3	1024	1231
29	3	4	2016	320.0	2	2018	208.6	1449	1156
29	3	4	2016	320.0	3	2019	160.4	1775	1099
29	3	4	2016	320.0	4	2020	192.2	2166	1030
29	3	4	2016	320.0	edge		169.2	2510	970
3	3	2	2018	413.9	core			672	1637
3	3	2	2018	413.9	1	2019	500.2	1472	983
3	3	2	2018	413.9	2	2020	377.5	2076	490
3	3	2	2018	413.9	edge		268.1	2505	139
30	3	3	2017	447.2	core			30	1319
30	3	3	2017	447.2	1	2018	583.4	1084	735
30	3	3	2017	447.2	2	2019	226.5	1493	509
30	3	3	2017	447.2	3	2020	171.7	1804	337
30	3	3	2017	447.2	edge		132.2	2043	204
4	3	2	2018	339.7	core			960	1275
4	3	2	2018	339.7	1	2019	346.8	1588	930
4	3	2	2018	339.7	2	2020	298.4	2129	634
4	3	2	2018	339.7	edge		189.6	2472	445
5	3	9	2011	302.4	core			228	2388
5	3	9	2011	302.4	1	2012	506.4	1239	2120
5	3	9	2011	302.4	2	2013	187.4	1614	2021
5	3	9	2011	302.4	3	2014	215.2	2043	1907
5	3	9	2011	302.4	4	2015	179.2	2401	1812
5	3	9	2011	302.4	5	2016	117.2	2635	1750
5	3	9	2011	302.4	6	2017	122.3	2879	1685
5	3	9	2011	302.4	7	2018	139.8	3158	1611
5	3	9	2011	302.4	8	2019	114.7	3387	1550
5	3	9	2011	302.4	9	2020	142.3	3671	1474
5	3	9	2011	302.4	edge		64.5	3800	1440
6	3	10	2010	424.1	core			740	2989
6	3	10	2010	424.1	1	2011	415.5	1547	2696
6	3	10	2010	424.1	2	2012	185.9	1908	2566
6	3	10	2010	424.1	3	2013	227.9	2351	2405
6	3	10	2010	424.1	4	2014	155.5	2653	2296
6	3	10	2010	424.1	5	2015	168.0	2979	2177
6	3	10	2010	424.1	6	2016	165.4	3301	2061
6	3	10	2010	424.1	7	2017	155.5	3603	1952
6	3	10	2010	424.1	8	2018	149.5	3893	1846
6	3	10	2010	424.1	9	2019	118.8	4124	1763
6	3	10	2010	424.1	10	2020	131.0	4378	1670
6	3	10	2010	424.1	edge		68.8	4512	1622
7	3	2	2018	524.6	core			539	1635
7	3	2	2018	524.6	1	2019	590.1	1609	1049
7	3	2	2018	524.6	2	2020	243.1	2049	808
7	3	2	2018	524.6	edge		317.5	2625	493
8	3	4	2016	539.0	core			831	1556
8	3	4	2016	539.0	1	2017	459.1	1666	1105
8	3	4	2016	539.0	2	2018	214.6	2056	894
8	3	4	2016	539.0	3	2019	151.1	2330	746
8	3	4	2016	539.0	4	2020	156.0	2614	593
8	3	4	2016	539.0	edge		87.6	2773	507
9	3	5	2015	349.2	core			1086	2078
9	3	5	2015	349.2	1	2016	421.0	1834	1634
9	3	5	2015	349.2	2	2017	228.8	2241	1393
9	3	5	2015	349.2	3	2018	262.7	2707	1116
9	3	5	2015	349.2	4	2019	257.6	3165	845
9	3	5	2015	349.2	5	2020	140.0	3414	697
9	3	5	2015	349.2	edge		101.6	3594	590
