Sample	Quality	Age	Cohort	Core	I	Year	Increment	X	Y
1	3	4	2016	332.5	core			384	2197
1	3	4	2016	332.5	1	2017	502.4	1255	1632
1	3	4	2016	332.5	2	2018	261.5	1708	1338
1	3	4	2016	332.5	3	2019	201.7	2058	1112
1	3	4	2016	332.5	4	2020	149.9	2318	943
1	3	4	2016	332.5	edge		113.2	2514	816
10	3	2	2018	495.2	core			300	1190
10	3	2	2018	495.2	1	2019	362.9	956	827
10	3	2	2018	495.2	2	2020	357.3	1602	469
10	3	2	2018	495.2	edge		129.3	1835	340
11	3	13	2007	483.3	core			45	3134
11	3	13	2007	483.3	1	2008	268.2	590	3233
11	3	13	2007	483.3	2	2009	170.8	937	3297
11	3	13	2007	483.3	3	2010	258.7	1463	3393
11	3	13	2007	483.3	4	2011	158.2	1785	3451
11	3	13	2007	483.3	5	2012	179.5	2150	3518
11	3	13	2007	483.3	6	2013	179.5	2514	3584
11	3	13	2007	483.3	7	2014	124.1	2767	3630
11	3	13	2007	483.3	8	2015	127.8	3026	3677
11	3	13	2007	483.3	9	2016	106.5	3243	3717
11	3	13	2007	483.3	10	2017	122.3	3491	3762
11	3	13	2007	483.3	11	2018	150.4	3797	3818
11	3	13	2007	483.3	12	2019	154.3	4111	3875
11	3	13	2007	483.3	13	2020	147.8	4411	3930
11	3	13	2007	483.3	edge		81.2	4576	3960
12	3	2	2018	646.3	core			244	1290
12	3	2	2018	646.3	1	2019	460.3	1046	779
12	3	2	2018	646.3	2	2020	271.8	1520	477
12	3	2	2018	646.3	edge		170.4	1817	288
13	3	9	2011	319.1	core			534	2665
13	3	9	2011	319.1	1	2012	374.1	1090	2128
13	3	9	2011	319.1	2	2013	211.7	1404	1824
13	3	9	2011	319.1	3	2014	147.8	1624	1612
13	3	9	2011	319.1	4	2015	131.4	1819	1423
13	3	9	2011	319.1	5	2016	145.7	2036	1214
13	3	9	2011	319.1	6	2017	113.1	2204	1052
13	3	9	2011	319.1	7	2018	94.4	2344	916
13	3	9	2011	319.1	8	2019	98.6	2491	775
13	3	9	2011	319.1	9	2020	112.9	2659	613
13	3	9	2011	319.1	edge		92.5	2796	480
14	3	2	2018	342.4	core			228	1751
14	3	2	2018	342.4	1	2019	469.5	966	1122
14	3	2	2018	342.4	2	2020	259.6	1375	774
14	3	2	2018	342.4	edge		208.1	1702	495
15	3	12	2008	287.3	core			1270	2569
15	3	12	2008	287.3	1	2009	455.9	2147	2913
15	3	12	2008	287.3	2	2010	127.3	2392	3009
15	3	12	2008	287.3	3	2011	91.3	2567	3077
15	3	12	2008	287.3	4	2012	162.4	2880	3200
15	3	12	2008	287.3	5	2013	172.9	3213	3330
15	3	12	2008	287.3	6	2014	133.2	3469	3430
15	3	12	2008	287.3	7	2015	112.2	3685	3515
15	3	12	2008	287.3	8	2016	122.4	3920	3607
15	3	12	2008	287.3	9	2017	117.6	4146	3696
15	3	12	2008	287.3	10	2018	95.5	4330	3768
15	3	12	2008	287.3	11	2019	89.5	4502	3835
15	3	12	2008	287.3	12	2020	72.7	4642	3890
15	3	12	2008	287.3	edge		124.8	4882	3984
16	3	8	2012	244.4	core			669	2352
16	3	8	2012	244.4	1	2013	399.8	1389	1948
16	3	8	2012	244.4	2	2014	243.6	1829	1702
16	3	8	2012	244.4	3	2015	146.2	2092	1554
16	3	8	2012	244.4	4	2016	160.2	2381	1392
16	3	8	2012	244.4	5	2017	140.5	2634	1250
16	3	8	2012	244.4	6	2018	112.8	2837	1136
16	3	8	2012	244.4	7	2019	145.5	3099	989
16	3	8	2012	244.4	8	2020	106.9	3292	881
16	3	8	2012	244.4	edge		114.2	3498	766
17	3	2	2018	376.6	core			415	1294
17	3	2	2018	376.6	1	2019	423.3	1117	772
17	3	2	2018	376.6	2	2020	226.0	1492	493
17	3	2	2018	376.6	edge		204.7	1831	241
18	3	3	2017	184.2	core			808	1764
18	3	3	2017	184.2	1	2018	386.6	1502	1369
18	3	3	2017	184.2	2	2019	323.7	2083	1038
18	3	3	2017	184.2	3	2020	217.3	2474	816
18	3	3	2017	184.2	edge		148.4	2740	664
19	3	4	2016	336.4	core			210	2441
19	3	4	2016	336.4	1	2017	436.1	1105	2544
19	3	4	2016	336.4	2	2018	286.7	1694	2612
19	3	4	2016	336.4	3	2019	224.3	2154	2664
19	3	4	2016	336.4	4	2020	184.1	2532	2708
19	3	4	2016	336.4	edge		272.0	3090	2772
2	3	2	2018	487.6	core			126	1741
2	3	2	2018	487.6	1	2019	422.9	801	1186
2	3	2	2018	487.6	2	2020	223.4	1157	893
2	3	2	2018	487.6	edge		217.1	1504	608
20	3	8	2012	312.0	core			160	2871
20	3	8	2012	312.0	1	2013	393.9	972	2919
20	3	8	2012	312.0	2	2014	279.5	1549	2952
20	3	8	2012	312.0	3	2015	154.0	1866	2971
20	3	8	2012	312.0	4	2016	133.9	2143	2987
20	3	8	2012	312.0	5	2017	131.0	2413	3003
20	3	8	2012	312.0	6	2018	145.0	2712	3020
20	3	8	2012	312.0	7	2019	178.9	3081	3042
20	3	8	2012	312.0	8	2020	154.8	3400	3061
20	3	8	2012	312.0	edge		219.1	3852	3087
21	3	8	2012	352.0	core			50	2816
21	3	8	2012	352.0	1	2013	398.8	564	2172
21	3	8	2012	352.0	2	2014	215.0	841	1825
21	3	8	2012	352.0	3	2015	260.3	1176	1404
21	3	8	2012	352.0	4	2016	132.9	1347	1189
21	3	8	2012	352.0	5	2017	97.5	1473	1032
21	3	8	2012	352.0	6	2018	83.5	1580	897
21	3	8	2012	352.0	7	2019	98.0	1706	739
21	3	8	2012	352.0	8	2020	108.8	1847	563
21	3	8	2012	352.0	edge		47.6	1908	486
22	3	2	2018	433.7	core			411	1600
22	3	2	2018	433.7	1	2019	595.6	1437	920
22	3	2	2018	433.7	2	2020	228.7	1830	659
22	3	2	2018	433.7	edge		229.7	2226	396
23	3	6	2014	308.3	core			164	2554
23	3	6	2014	308.3	1	2015	405.4	898	2151
23	3	6	2014	308.3	2	2016	251.9	1355	1901
23	3	6	2014	308.3	3	2017	190.1	1699	1712
23	3	6	2014	308.3	4	2018	273.9	2195	1440
23	3	6	2014	308.3	5	2019	181.0	2523	1260
23	3	6	2014	308.3	6	2020	131.2	2761	1130
23	3	6	2014	308.3	edge		92.2	2928	1038
24	3	7	2013	363.5	core			288	2268
24	3	7	2013	363.5	1	2014	396.4	1026	1913
24	3	7	2013	363.5	2	2015	324.7	1630	1621
24	3	7	2013	363.5	3	2016	172.8	1952	1466
24	3	7	2013	363.5	4	2017	144.2	2220	1337
24	3	7	2013	363.5	5	2018	124.4	2452	1225
24	3	7	2013	363.5	6	2019	110.6	2658	1126
24	3	7	2013	363.5	7	2020	125.9	2892	1013
24	3	7	2013	363.5	edge		167.7	3204	863
25	3	2	2018	521.0	core			348	994
25	3	2	2018	521.0	1	2019	459.8	1256	714
25	3	2	2018	521.0	2	2020	300.0	1848	531
25	3	2	2018	521.0	edge		73.0	1992	486
26	3	3	2017	486.8	core			336	1250
26	3	3	2017	486.8	1	2018	338.8	957	926
26	3	3	2017	486.8	2	2019	302.0	1510	638
26	3	3	2017	486.8	3	2020	107.9	1708	535
26	3	3	2017	486.8	edge		63.5	1824	474
27	3	2	2018	318.5	core			288	1671
27	3	2	2018	318.5	1	2019	430.8	1168	1803
27	3	2	2018	318.5	2	2020	327.5	1837	1903
27	3	2	2018	318.5	edge		199.0	2244	1964
28	3	2	2018	336.8	core			359	1162
28	3	2	2018	336.8	1	2019	430.5	1153	761
28	3	2	2018	336.8	2	2020	327.7	1758	456
28	3	2	2018	336.8	edge		150.1	2035	317
29	3	2	2018	354.8	core			585	981
29	3	2	2018	354.8	1	2019	333.9	1193	654
29	3	2	2018	354.8	2	2020	205.9	1567	453
29	3	2	2018	354.8	edge		119.6	1785	336
3	3	7	2013	348.8	core			360	2586
3	3	7	2013	348.8	1	2014	433.6	1159	2182
3	3	7	2013	348.8	2	2015	255.8	1631	1943
3	3	7	2013	348.8	3	2016	200.1	2000	1756
3	3	7	2013	348.8	4	2017	244.0	2450	1529
3	3	7	2013	348.8	5	2018	136.5	2701	1401
3	3	7	2013	348.8	6	2019	129.9	2941	1280
3	3	7	2013	348.8	7	2020	121.5	3165	1167
3	3	7	2013	348.8	edge		27.9	3216	1141
30	3	1	2019	385.4	core			348	1418
30	3	1	2019	385.4	1	2020	951.1	2312	1352
30	3	1	2019	385.4	edge		99.3	2517	1345
31	3	2	2018	541.9	core			579	1437
31	3	2	2018	541.9	1	2019	532.0	1594	1015
31	3	2	2018	541.9	2	2020	278.1	2125	795
31	3	2	2018	541.9	edge		213.6	2532	626
32	3	6	2014	489.2	core			350	2187
32	3	6	2014	489.2	1	2015	377.0	1005	1765
32	3	6	2014	489.2	2	2016	187.9	1331	1555
32	3	6	2014	489.2	3	2017	285.5	1827	1235
32	3	6	2014	489.2	4	2018	212.9	2197	997
32	3	6	2014	489.2	5	2019	125.6	2415	856
32	3	6	2014	489.2	6	2020	113.6	2612	729
32	3	6	2014	489.2	edge		40.3	2682	684
33	3	11	2009	302.9	core			288	4027
33	3	11	2009	302.9	1	2010	543.4	1124	3277
33	3	11	2009	302.9	2	2011	249.2	1507	2934
33	3	11	2009	302.9	3	2012	145.3	1731	2733
33	3	11	2009	302.9	4	2013	115.1	1908	2574
33	3	11	2009	302.9	5	2014	140.5	2124	2381
33	3	11	2009	302.9	6	2015	131.5	2326	2199
33	3	11	2009	302.9	7	2016	114.8	2503	2041
33	3	11	2009	302.9	8	2017	145.6	2727	1840
33	3	11	2009	302.9	9	2018	147.3	2954	1637
33	3	11	2009	302.9	10	2019	118.6	3136	1473
33	3	11	2009	302.9	11	2020	90.1	3275	1349
33	3	11	2009	302.9	edge		65.9	3376	1258
34	3	6	2014	393.4	core			396	2574
34	3	6	2014	393.4	1	2015	412.3	1008	1981
34	3	6	2014	393.4	2	2016	288.0	1436	1568
34	3	6	2014	393.4	3	2017	173.2	1693	1319
34	3	6	2014	393.4	4	2018	220.3	2020	1002
34	3	6	2014	393.4	5	2019	150.6	2243	786
34	3	6	2014	393.4	6	2020	161.9	2484	553
34	3	6	2014	393.4	edge		86.5	2612	429
35	3	3	2017	451.9	core			641	1345
35	3	3	2017	451.9	1	2018	264.7	1070	1006
35	3	3	2017	451.9	2	2019	263.2	1496	668
35	3	3	2017	451.9	3	2020	146.0	1733	481
35	3	3	2017	451.9	edge		212.6	2077	208
36	3	3	2017	329.3	core			403	1188
36	3	3	2017	329.3	1	2018	410.0	1180	849
36	3	3	2017	329.3	2	2019	289.0	1727	610
36	3	3	2017	329.3	3	2020	119.9	1954	511
36	3	3	2017	329.3	edge		53.2	2055	468
37	3	8	2012	606.4	core			756	3153
37	3	8	2012	606.4	1	2013	454.2	1550	2653
37	3	8	2012	606.4	2	2014	444.5	2327	2164
37	3	8	2012	606.4	3	2015	147.3	2585	2001
37	3	8	2012	606.4	4	2016	168.7	2880	1816
37	3	8	2012	606.4	5	2017	102.2	3059	1703
37	3	8	2012	606.4	6	2018	127.7	3282	1563
37	3	8	2012	606.4	7	2019	116.1	3485	1435
37	3	8	2012	606.4	8	2020	121.5	3697	1301
37	3	8	2012	606.4	edge		113.7	3896	1176
38	3	3	2017	272.6	core			672	1318
38	3	3	2017	272.6	1	2018	327.4	1135	825
38	3	3	2017	272.6	2	2019	134.3	1324	622
38	3	3	2017	272.6	3	2020	144.4	1528	404
38	3	3	2017	272.6	edge		112.9	1688	234
39	3	4	2016	256.3	core			550	1386
39	3	4	2016	256.3	1	2017	350.8	1204	1074
39	3	4	2016	256.3	2	2018	170.4	1522	922
39	3	4	2016	256.3	3	2019	148.4	1799	790
39	3	4	2016	256.3	4	2020	167.7	2111	641
39	3	4	2016	256.3	edge		141.9	2376	515
4	3	7	2013	461.7	core			183	2753
4	3	7	2013	461.7	1	2014	362.0	702	2215
4	3	7	2013	461.7	2	2015	269.1	1088	1815
4	3	7	2013	461.7	3	2016	246.5	1442	1448
4	3	7	2013	461.7	4	2017	178.7	1698	1182
4	3	7	2013	461.7	5	2018	180.7	1957	914
4	3	7	2013	461.7	6	2019	172.5	2205	657
4	3	7	2013	461.7	7	2020	137.8	2403	452
4	3	7	2013	461.7	edge		94.4	2538	312
40	3	9	2011	462.8	core			48	2816
40	3	9	2011	462.8	1	2012	266.3	498	2499
40	3	9	2011	462.8	2	2013	252.9	924	2198
40	3	9	2011	462.8	3	2014	262.7	1368	1885
40	3	9	2011	462.8	4	2015	150.9	1623	1705
40	3	9	2011	462.8	5	2016	172.2	1913	1500
40	3	9	2011	462.8	6	2017	129.9	2133	1345
40	3	9	2011	462.8	7	2018	115.4	2327	1208
40	3	9	2011	462.8	8	2019	83.7	2469	1108
40	3	9	2011	462.8	9	2020	100.6	2639	988
40	3	9	2011	462.8	edge		79.0	2772	894
41	3	2	2018	324.2	core			283	1282
41	3	2	2018	324.2	1	2019	331.1	944	1459
41	3	2	2018	324.2	2	2020	212.8	1369	1573
41	3	2	2018	324.2	edge		251.6	1871	1707
42	3	2	2018	514.8	core			682	1496
42	3	2	2018	514.8	1	2019	357.7	1270	1048
42	3	2	2018	514.8	2	2020	319.4	1795	648
42	3	2	2018	514.8	edge		210.4	2141	385
43	3	5	2015	387.1	core			492	2376
43	3	5	2015	387.1	1	2016	433.8	1148	1765
43	3	5	2015	387.1	2	2017	246.4	1521	1418
43	3	5	2015	387.1	3	2018	205.4	1831	1129
43	3	5	2015	387.1	4	2019	201.4	2136	846
43	3	5	2015	387.1	5	2020	166.4	2387	611
43	3	5	2015	387.1	edge		67.8	2490	516
44	3	2	2018	398.1	core			518	1264
44	3	2	2018	398.1	1	2019	405.3	1186	760
44	3	2	2018	398.1	2	2020	229.0	1564	474
44	3	2	2018	398.1	edge		219.9	1926	201
45	3	7	2013	262.4	core			796	2169
45	3	7	2013	262.4	1	2014	348.3	1341	1698
45	3	7	2013	262.4	2	2015	162.2	1594	1480
45	3	7	2013	262.4	3	2016	184.3	1883	1231
45	3	7	2013	262.4	4	2017	117.5	2067	1072
45	3	7	2013	262.4	5	2018	89.0	2206	952
45	3	7	2013	262.4	6	2019	114.1	2384	798
45	3	7	2013	262.4	7	2020	94.2	2532	671
45	3	7	2013	262.4	edge		95.3	2681	542
46	3	5	2015	344.9	core			141	2031
46	3	5	2015	344.9	1	2016	310.8	595	1577
46	3	5	2015	344.9	2	2017	268.3	987	1185
46	3	5	2015	344.9	3	2018	175.2	1242	928
46	3	5	2015	344.9	4	2019	132.8	1436	734
46	3	5	2015	344.9	5	2020	139.6	1640	530
46	3	5	2015	344.9	edge		145.1	1852	318
47	3	3	2017	493.7	core			522	1648
47	3	3	2017	493.7	1	2018	427.0	1321	1275
47	3	3	2017	493.7	2	2019	250.5	1791	1056
47	3	3	2017	493.7	3	2020	246.0	2251	841
47	3	3	2017	493.7	edge		175.7	2580	688
48	3	6	2014	421.7	core			448	1665
48	3	6	2014	421.7	1	2015	354.8	1155	1470
48	3	6	2014	421.7	2	2016	226.7	1606	1345
48	3	6	2014	421.7	3	2017	176.6	1958	1248
48	3	6	2014	421.7	4	2018	192.3	2340	1142
48	3	6	2014	421.7	5	2019	125.3	2590	1073
48	3	6	2014	421.7	6	2020	112.1	2813	1011
48	3	6	2014	421.7	edge		81.8	2976	966
49	3	9	2011	413.5	core			288	2723
49	3	9	2011	413.5	1	2012	457.9	1092	2225
49	3	9	2011	413.5	2	2013	194.8	1434	2013
49	3	9	2011	413.5	3	2014	165.3	1725	1833
49	3	9	2011	413.5	4	2015	131.1	1955	1690
49	3	9	2011	413.5	5	2016	158.3	2233	1518
49	3	9	2011	413.5	6	2017	116.6	2438	1391
49	3	9	2011	413.5	7	2018	104.1	2621	1278
49	3	9	2011	413.5	8	2019	91.7	2782	1178
49	3	9	2011	413.5	9	2020	72.3	2909	1099
49	3	9	2011	413.5	edge		65.6	3024	1028
5	3	4	2016	293.3	core			414	1836
5	3	4	2016	293.3	1	2017	377.3	996	1318
5	3	4	2016	293.3	2	2018	168.5	1256	1086
5	3	4	2016	293.3	3	2019	139.9	1472	894
5	3	4	2016	293.3	4	2020	159.5	1718	675
5	3	4	2016	293.3	edge		198.4	2024	402
50	3	2	2018	395.3	core			483	1372
50	3	2	2018	395.3	1	2019	439.9	1276	928
50	3	2	2018	395.3	2	2020	340.7	1890	584
50	3	2	2018	395.3	edge		214.0	2276	368
51	3	6	2014	384.0	core			576	2238
51	3	6	2014	384.0	1	2015	403.9	1282	1794
51	3	6	2014	384.0	2	2016	228.7	1683	1543
51	3	6	2014	384.0	3	2017	202.2	2036	1320
51	3	6	2014	384.0	4	2018	165.9	2327	1138
51	3	6	2014	384.0	5	2019	123.1	2542	1002
51	3	6	2014	384.0	6	2020	146.8	2799	841
51	3	6	2014	384.0	edge		104.7	2982	726
52	3	13	2007	423.7	core			318	3401
52	3	13	2007	423.7	1	2008	497.0	1342	3471
52	3	13	2007	423.7	2	2009	291.3	1943	3511
52	3	13	2007	423.7	3	2010	144.0	2240	3531
52	3	13	2007	423.7	4	2011	159.7	2569	3554
52	3	13	2007	423.7	5	2012	166.1	2911	3577
52	3	13	2007	423.7	6	2013	116.9	3152	3593
52	3	13	2007	423.7	7	2014	120.8	3401	3610
52	3	13	2007	423.7	8	2015	112.3	3633	3626
52	3	13	2007	423.7	9	2016	73.7	3785	3636
52	3	13	2007	423.7	10	2017	81.9	3954	3648
52	3	13	2007	423.7	11	2018	101.2	4162	3662
52	3	13	2007	423.7	12	2019	127.2	4425	3680
52	3	13	2007	423.7	13	2020	85.3	4600	3692
52	3	13	2007	423.7	edge		89.1	4784	3704
53	3	8	2012	286.9	core			220	2500
53	3	8	2012	286.9	1	2013	360.9	814	2049
53	3	8	2012	286.9	2	2014	185.2	1119	1818
53	3	8	2012	286.9	3	2015	120.2	1317	1667
53	3	8	2012	286.9	4	2016	119.1	1513	1519
53	3	8	2012	286.9	5	2017	125.4	1719	1362
53	3	8	2012	286.9	6	2018	120.3	1917	1212
53	3	8	2012	286.9	7	2019	95.7	2074	1092
53	3	8	2012	286.9	8	2020	115.6	2265	948
53	3	8	2012	286.9	edge		206.2	2604	690
54	3	7	2013	251.0	core			216	2189
54	3	7	2013	251.0	1	2014	350.4	913	2385
54	3	7	2013	251.0	2	2015	202.2	1315	2498
54	3	7	2013	251.0	3	2016	190.7	1694	2605
54	3	7	2013	251.0	4	2017	102.5	1898	2662
54	3	7	2013	251.0	5	2018	135.2	2167	2738
54	3	7	2013	251.0	6	2019	109.7	2385	2799
54	3	7	2013	251.0	7	2020	128.4	2641	2871
54	3	7	2013	251.0	edge		69.0	2778	2910
55	3	1	2019	370.9	core			110	1412
55	3	1	2019	370.9	1	2020	592.2	1053	633
55	3	1	2019	370.9	edge		227.7	1416	333
56	3	2	2018	414.8	core			265	1189
56	3	2	2018	414.8	1	2019	546.1	1287	711
56	3	2	2018	414.8	2	2020	295.0	1839	453
56	3	2	2018	414.8	edge		194.4	2203	283
57	3	2	2018	317.8	core			371	1486
57	3	2	2018	317.8	1	2019	376.5	1008	1039
57	3	2	2018	317.8	2	2020	322.5	1553	657
57	3	2	2018	317.8	edge		222.9	1930	393
58	3	1	2019	373.9	core			356	737
58	3	1	2019	373.9	1	2020	675.4	1615	134
58	3	1	2019	373.9	edge		0.0	1615	134
59	3	6	2014	285.6	core			624	1814
59	3	6	2014	285.6	1	2015	333.6	1211	1453
59	3	6	2014	285.6	2	2016	241.6	1637	1192
59	3	6	2014	285.6	3	2017	167.2	1931	1012
59	3	6	2014	285.6	4	2018	138.1	2175	862
59	3	6	2014	285.6	5	2019	129.4	2402	722
59	3	6	2014	285.6	6	2020	145.5	2659	565
59	3	6	2014	285.6	edge		112.1	2856	444
6	3	6	2014	452.1	core			1024	2264
6	3	6	2014	452.1	1	2015	389.2	1663	1776
6	3	6	2014	452.1	2	2016	167.2	1938	1566
6	3	6	2014	452.1	3	2017	275.5	2390	1221
6	3	6	2014	452.1	4	2018	184.1	2693	990
6	3	6	2014	452.1	5	2019	174.9	2980	771
6	3	6	2014	452.1	6	2020	152.6	3230	579
6	3	6	2014	452.1	edge		65.6	3338	497
60	3	1	2019	456.7	core			407	807
60	3	1	2019	456.7	1	2020	737.4	1799	188
60	3	1	2019	456.7	edge		0.0	1799	188
61	3	8	2012	333.8	core			609	2515
61	3	8	2012	333.8	1	2013	305.2	1211	2703
61	3	8	2012	333.8	2	2014	220.5	1646	2839
61	3	8	2012	333.8	3	2015	252.1	2143	2995
61	3	8	2012	333.8	4	2016	165.3	2469	3097
61	3	8	2012	333.8	5	2017	126.8	2719	3175
61	3	8	2012	333.8	6	2018	129.2	2973	3254
61	3	8	2012	333.8	7	2019	136.1	3242	3338
61	3	8	2012	333.8	8	2020	210.7	3657	3468
61	3	8	2012	333.8	edge		226.6	4104	3608
62	3	4	2016	218.1	core			471	1730
62	3	4	2016	218.1	1	2017	439.7	1185	1169
62	3	4	2016	218.1	2	2018	186.2	1488	931
62	3	4	2016	218.1	3	2019	193.0	1801	685
62	3	4	2016	218.1	4	2020	206.2	2136	422
62	3	4	2016	218.1	edge		85.9	2276	312
7	3	3	2017	344.2	core			426	1718
7	3	3	2017	344.2	1	2018	415.0	1126	1222
7	3	3	2017	344.2	2	2019	272.7	1586	897
7	3	3	2017	344.2	3	2020	239.5	1989	611
7	3	3	2017	344.2	edge		156.4	2253	424
8	3	2	2018	401.3	core			315	1332
8	3	2	2018	401.3	1	2019	374.3	935	869
8	3	2	2018	401.3	2	2020	312.5	1452	483
8	3	2	2018	401.3	edge		162.9	1722	282
9	3	2	2018	315.2	core			507	1032
9	3	2	2018	315.2	1	2019	314.5	1029	645
9	3	2	2018	315.2	2	2020	286.6	1504	291
9	3	2	2018	315.2	edge		88.0	1650	183
