Sample	Quality	Age	Cohort	Piscivorous	I	Year	Increment	X	Y
1	3	8	2012	684.6	Piscivorous			1691	2065
1	3	8	2012	684.6	1	2013	1061.8	1494	1021
1	3	8	2012	684.6	2	2014	223.0	1453	802
1	3	8	2012	684.6	3	2015	261.9	1404	545
1	3	8	2012	684.6	4	2016	150.6	1376	397
1	3	8	2012	684.6	5	2017	106.0	1357	293
1	3	8	2012	684.6	6	2018	91.8	1340	203
1	3	8	2012	684.6	7	2019	67.6	1327	136
1	3	8	2012	684.6	8	2020	60.6	1316	77
1	3	8	2012	684.6	edge		21.0	1312	56
10	3	4	2016	341.4	Piscivorous			1769	1719
10	3	4	2016	341.4	1	2017	868.8	1861	855
10	3	4	2016	341.4	2	2018	540.0	1917	318
10	3	4	2016	341.4	3	2019	108.7	1929	210
10	3	4	2016	341.4	4	2020	72.2	1936	138
10	3	4	2016	341.4	edge		49.0	1941	89
100	3	1	2019	730.8	Piscivorous			1791	1916
100	3	1	2019	730.8	1	2020	941.8	1868	977
100	3	1	2019	730.8	edge		927.1	1944	53
101	3	1	2019	497.1	Piscivorous			1842	1953
101	3	1	2019	497.1	1	2020	1002.4	1681	963
101	3	1	2019	497.1	edge		900.1	1536	75
102	3	9	2011	382.2	Piscivorous			1749	1897
102	3	9	2011	382.2	1	2012	447.5	1717	1451
102	3	9	2011	382.2	2	2013	337.1	1693	1115
102	3	9	2011	382.2	3	2014	188.1	1680	927
102	3	9	2011	382.2	4	2015	164.6	1668	763
102	3	9	2011	382.2	5	2016	149.3	1657	614
102	3	9	2011	382.2	6	2017	205.5	1643	409
102	3	9	2011	382.2	7	2018	149.3	1632	260
102	3	9	2011	382.2	8	2019	114.4	1624	146
102	3	9	2011	382.2	9	2020	66.1	1619	80
102	3	9	2011	382.2	edge		19.9	1618	60
103	2	2	2018	197.4	Piscivorous			1673	1795
103	2	2	2018	197.4	1	2019	851.2	1584	948
103	2	2	2018	197.4	2	2020	584.1	1524	367
103	2	2	2018	197.4	edge		218.3	1501	150
104	2	5	2015	593.0	Piscivorous			1707	1781
104	2	5	2015	593.0	1	2016	864.9	1576	926
104	2	5	2015	593.0	2	2017	151.6	1553	776
104	2	5	2015	593.0	3	2018	183.5	1526	595
104	2	5	2015	593.0	4	2019	144.3	1504	452
104	2	5	2015	593.0	5	2020	152.8	1481	301
104	2	5	2015	593.0	edge		33.3	1476	268
105	2	5	2015	538.7	Piscivorous			1669	1836
105	2	5	2015	538.7	1	2016	685.6	1641	1151
105	2	5	2015	538.7	2	2017	393.0	1624	758
105	2	5	2015	538.7	3	2018	129.3	1619	629
105	2	5	2015	538.7	4	2019	219.4	1610	410
105	2	5	2015	538.7	5	2020	157.1	1603	253
105	2	5	2015	538.7	edge		100.1	1599	153
106	3	3	2017	674.4	Piscivorous			1757	1867
106	3	3	2017	674.4	1	2018	1216.9	1711	651
106	3	3	2017	674.4	2	2019	167.0	1705	484
106	3	3	2017	674.4	3	2020	232.1	1696	252
106	3	3	2017	674.4	edge		36.0	1695	216
107	3	2	2018	904.3	Piscivorous			1965	1896
107	3	2	2018	904.3	1	2019	1735.3	1232	323
107	3	2	2018	904.3	2	2020	147.5	1170	189
107	3	2	2018	904.3	edge		162.6	1101	42
108	2	2	2018	759.6	Piscivorous			1855	1860
108	2	2	2018	759.6	1	2019	1203.1	1942	660
108	2	2	2018	759.6	2	2020	201.3	1957	459
108	2	2	2018	759.6	edge		207.8	1972	252
109	3	7	2013	353.0	Piscivorous			1474	1942
109	3	7	2013	353.0	1	2014	524.5	1465	1418
109	3	7	2013	353.0	2	2015	388.0	1458	1030
109	3	7	2013	353.0	3	2016	258.0	1454	772
109	3	7	2013	353.0	4	2017	253.1	1449	519
109	3	7	2013	353.0	5	2018	152.0	1446	367
109	3	7	2013	353.0	6	2019	107.0	1445	260
109	3	7	2013	353.0	7	2020	82.0	1443	178
109	3	7	2013	353.0	edge		68.7	1442	109
11	2	3	2017	621.1	Piscivorous			1657	1738
11	2	3	2017	621.1	1	2018	906.1	1633	832
11	2	3	2017	621.1	2	2019	309.0	1625	523
11	2	3	2017	621.1	3	2020	255.1	1618	268
11	2	3	2017	621.1	edge		51.0	1617	217
110	3	2	2018	746.4	Piscivorous			1661	1933
110	3	2	2018	746.4	1	2019	1145.1	1576	791
110	3	2	2018	746.4	2	2020	543.5	1536	249
110	3	2	2018	746.4	edge		176.6	1523	73
111	3	0	2020	735.0	Piscivorous			1822	1714
111	3	0	2020	735.0	edge		1574.0	1814	140
112	1	3	2017	566.5	Piscivorous			1514	1800
112	1	3	2017	566.5	1	2018	812.4	1526	988
112	1	3	2017	566.5	2	2019	334.7	1531	653
112	1	3	2017	566.5	3	2020	296.1	1535	357
112	1	3	2017	566.5	edge		124.9	1537	232
113	3	10	2010	436.4	Piscivorous			1518	1960
113	3	10	2010	436.4	1	2011	661.6	1542	1299
113	3	10	2010	436.4	2	2012	158.7	1548	1140
113	3	10	2010	436.4	3	2013	241.5	1557	899
113	3	10	2010	436.4	4	2014	301.2	1568	598
113	3	10	2010	436.4	5	2015	198.2	1575	400
113	3	10	2010	436.4	6	2016	146.0	1581	254
113	3	10	2010	436.4	7	2017	44.1	1583	210
113	3	10	2010	436.4	8	2018	68.0	1585	142
113	3	10	2010	436.4	9	2019	60.0	1587	82
113	3	10	2010	436.4	10	2020	30.0	1588	52
113	3	10	2010	436.4	edge		34.7	1590	17
114	3	7	2013	337.1	Piscivorous			1660	1789
114	3	7	2013	337.1	1	2014	635.1	1697	1155
114	3	7	2013	337.1	2	2015	318.6	1716	837
114	3	7	2013	337.1	3	2016	173.1	1726	664
114	3	7	2013	337.1	4	2017	130.2	1734	534
114	3	7	2013	337.1	5	2018	86.2	1739	448
114	3	7	2013	337.1	6	2019	120.2	1746	328
114	3	7	2013	337.1	7	2020	78.3	1750	250
114	3	7	2013	337.1	edge		44.6	1753	205
115	2	3	2017	560.4	Piscivorous			1575	1844
115	2	3	2017	560.4	1	2018	871.7	1453	981
115	2	3	2017	560.4	2	2019	266.4	1415	717
115	2	3	2017	560.4	3	2020	523.7	1342	199
115	2	3	2017	560.4	edge		148.1	1321	52
116	3	7	2013	406.8	Piscivorous			1753	2066
116	3	7	2013	406.8	1	2014	604.0	1746	1462
116	3	7	2013	406.8	2	2015	560.0	1740	902
116	3	7	2013	406.8	3	2016	342.0	1736	560
116	3	7	2013	406.8	4	2017	212.1	1734	348
116	3	7	2013	406.8	5	2018	98.0	1733	250
116	3	7	2013	406.8	6	2019	56.0	1732	194
116	3	7	2013	406.8	7	2020	90.0	1731	104
116	3	7	2013	406.8	edge		32.0	1731	72
117	3	0	2020	991.8	Piscivorous			1720	1861
117	3	0	2020	991.8	edge		1537.0	1867	331
118	3	2	2018	668.0	Piscivorous			1356	1582
118	3	2	2018	668.0	1	2019	1100.0	1353	482
118	3	2	2018	668.0	2	2020	232.0	1352	250
118	3	2	2018	668.0	edge		158.0	1352	92
119	3	3	2017	478.0	Piscivorous			1623	1821
119	3	3	2017	478.0	1	2018	1227.7	1696	595
119	3	3	2017	478.0	2	2019	240.5	1710	355
119	3	3	2017	478.0	3	2020	189.3	1722	166
119	3	3	2017	478.0	edge		59.5	1725	107
12	3	3	2017	1047.2	Piscivorous			1638	1843
12	3	3	2017	1047.2	1	2018	1159.0	1632	684
12	3	3	2017	1047.2	2	2019	216.0	1631	468
12	3	3	2017	1047.2	3	2020	189.0	1630	279
12	3	3	2017	1047.2	edge		45.0	1630	234
120	2	4	2016	397.5	Piscivorous			1808	1734
120	2	4	2016	397.5	1	2017	1007.8	1666	736
120	2	4	2016	397.5	2	2018	298.8	1624	440
120	2	4	2016	397.5	3	2019	89.9	1612	351
120	2	4	2016	397.5	4	2020	62.2	1603	290
120	2	4	2016	397.5	edge		63.4	1594	227
121	1	3	2017	481.9	Piscivorous			1686	1689
121	1	3	2017	481.9	1	2018	780.7	1530	924
121	1	3	2017	481.9	2	2019	227.1	1485	701
121	1	3	2017	481.9	3	2020	276.5	1430	430
121	1	3	2017	481.9	edge		206.5	1389	228
122	2	5	2015	460.2	Piscivorous			1966	1925
122	2	5	2015	460.2	1	2016	1143.8	1948	781
122	2	5	2015	460.2	2	2017	376.0	1942	405
122	2	5	2015	460.2	3	2018	117.1	1940	288
122	2	5	2015	460.2	4	2019	131.9	1938	156
122	2	5	2015	460.2	5	2020	105.0	1937	51
122	2	5	2015	460.2	edge		39.1	1936	12
123	3	2	2018	834.2	Piscivorous			1673	1941
123	3	2	2018	834.2	1	2019	1014.1	1687	927
123	3	2	2018	834.2	2	2020	576.0	1695	351
123	3	2	2018	834.2	edge		275.1	1699	76
124	2	0	2020	890.8	Piscivorous			1759	1641
124	2	0	2020	890.8	edge		1493.2	1783	148
125	2	6	2014	277.6	Piscivorous			1427	1715
125	2	6	2014	277.6	1	2015	593.1	1422	1122
125	2	6	2014	277.6	2	2016	327.0	1420	795
125	2	6	2014	277.6	3	2017	324.0	1417	471
125	2	6	2014	277.6	4	2018	162.0	1416	309
125	2	6	2014	277.6	5	2019	114.0	1415	195
125	2	6	2014	277.6	6	2020	60.0	1414	135
125	2	6	2014	277.6	edge		32.3	1414	103
126	3	3	2017	456.1	Piscivorous			1819	1690
126	3	3	2017	456.1	1	2018	1156.4	1852	534
126	3	3	2017	456.1	2	2019	180.1	1858	354
126	3	3	2017	456.1	3	2020	153.3	1862	201
126	3	3	2017	456.1	edge		102.9	1865	98
127	3	5	2015	228.0	Piscivorous			1642	1838
127	3	5	2015	228.0	1	2016	701.2	1613	1137
127	3	5	2015	228.0	2	2017	218.1	1604	919
127	3	5	2015	228.0	3	2018	297.4	1592	622
127	3	5	2015	228.0	4	2019	156.0	1586	466
127	3	5	2015	228.0	5	2020	226.3	1577	240
127	3	5	2015	228.0	edge		40.0	1575	200
128	3	6	2014	745.5	Piscivorous			1823	1984
128	3	6	2014	745.5	1	2015	891.1	1742	1097
128	3	6	2014	745.5	2	2016	390.1	1706	708
128	3	6	2014	745.5	3	2017	193.1	1688	516
128	3	6	2014	745.5	4	2018	105.1	1679	411
128	3	6	2014	745.5	5	2019	132.8	1666	279
128	3	6	2014	745.5	6	2020	210.8	1647	69
128	3	6	2014	745.5	edge		45.2	1643	24
129	2	8	2012	493.0	Piscivorous			1835	1824
129	2	8	2012	493.0	1	2013	695.0	1827	1129
129	2	8	2012	493.0	2	2014	362.1	1822	767
129	2	8	2012	493.0	3	2015	149.0	1820	618
129	2	8	2012	493.0	4	2016	158.0	1819	460
129	2	8	2012	493.0	5	2017	72.0	1818	388
129	2	8	2012	493.0	6	2018	79.1	1817	309
129	2	8	2012	493.0	7	2019	60.0	1816	249
129	2	8	2012	493.0	8	2020	54.9	1815	194
129	2	8	2012	493.0	edge		30.0	1815	164
13	2	7	2013	466.1	Piscivorous			1664	1845
13	2	7	2013	466.1	1	2014	880.6	1698	965
13	2	7	2013	466.1	2	2015	364.2	1711	601
13	2	7	2013	466.1	3	2016	169.2	1718	432
13	2	7	2013	466.1	4	2017	144.1	1723	288
13	2	7	2013	466.1	5	2018	66.0	1726	222
13	2	7	2013	466.1	6	2019	45.1	1728	177
13	2	7	2013	466.1	7	2020	51.0	1730	126
13	2	7	2013	466.1	edge		10.1	1730	116
130	3	4	2016	388.5	Piscivorous			1732	1861
130	3	4	2016	388.5	1	2017	1170.2	1648	694
130	3	4	2016	388.5	2	2018	387.3	1619	308
130	3	4	2016	388.5	3	2019	176.1	1607	132
130	3	4	2016	388.5	4	2020	56.3	1603	76
130	3	4	2016	388.5	edge		31.9	1600	44
131	3	0	2020	679.2	Piscivorous			1726	1867
131	3	0	2020	679.2	edge		1594.0	1761	273
132	3	4	2016	447.1	Piscivorous			1691	2008
132	3	4	2016	447.1	1	2017	1112.6	1458	920
132	3	4	2016	447.1	2	2018	528.0	1347	404
132	3	4	2016	447.1	3	2019	246.7	1296	163
132	3	4	2016	447.1	4	2020	98.9	1275	66
132	3	4	2016	447.1	edge		55.5	1263	12
133	2	3	2017	388.2	Piscivorous			1951	1803
133	2	3	2017	388.2	1	2018	817.9	1746	1011
133	2	3	2017	388.2	2	2019	461.3	1631	564
133	2	3	2017	388.2	3	2020	304.2	1555	270
133	2	3	2017	388.2	edge		96.0	1531	177
134	1	2	2018	708.8	Piscivorous			1708	1797
134	1	2	2018	708.8	1	2019	1155.4	1557	652
134	1	2	2018	708.8	2	2020	326.0	1514	328
134	1	2	2018	708.8	edge		244.4	1482	86
135	3	3	2017	306.9	Piscivorous			1390	1939
135	3	3	2017	306.9	1	2018	911.5	1483	1032
135	3	3	2017	306.9	2	2019	679.8	1552	356
135	3	3	2017	306.9	3	2020	143.4	1566	213
135	3	3	2017	306.9	edge		57.6	1572	156
136	3	4	2016	394.4	Piscivorous			1826	2258
136	3	4	2016	394.4	1	2017	1313.4	1792	945
136	3	4	2016	394.4	2	2018	567.4	1777	378
136	3	4	2016	394.4	3	2019	225.1	1771	153
136	3	4	2016	394.4	4	2020	60.0	1769	93
136	3	4	2016	394.4	edge		55.0	1768	38
137	2	3	2017	372.5	Piscivorous			1939	1797
137	2	3	2017	372.5	1	2018	890.9	1836	912
137	2	3	2017	372.5	2	2019	416.8	1788	498
137	2	3	2017	372.5	3	2020	241.9	1760	258
137	2	3	2017	372.5	edge		214.3	1735	45
138	2	3	2017	553.4	Piscivorous			1397	1851
138	2	3	2017	553.4	1	2018	910.6	1537	951
138	2	3	2017	553.4	2	2019	639.6	1635	319
138	2	3	2017	553.4	3	2020	138.8	1656	182
138	2	3	2017	553.4	edge		53.0	1664	129
139	2	4	2016	522.1	Piscivorous			1659	1914
139	2	4	2016	522.1	1	2017	628.4	1773	1296
139	2	4	2016	522.1	2	2018	549.5	1874	756
139	2	4	2016	522.1	3	2019	332.5	1934	429
139	2	4	2016	522.1	4	2020	220.0	1974	212
139	2	4	2016	522.1	edge		130.7	1998	84
14	3	4	2016	351.7	Piscivorous			2053	1971
14	3	4	2016	351.7	1	2017	845.8	1743	1184
14	3	4	2016	351.7	2	2018	863.1	1426	381
14	3	4	2016	351.7	3	2019	94.5	1391	293
14	3	4	2016	351.7	4	2020	117.8	1348	184
14	3	4	2016	351.7	edge		89.8	1315	100
140	3	3	2017	633.6	Piscivorous			1506	1689
140	3	3	2017	633.6	1	2018	876.5	1377	822
140	3	3	2017	633.6	2	2019	342.4	1327	483
140	3	3	2017	633.6	3	2020	197.4	1298	288
140	3	3	2017	633.6	edge		51.6	1290	237
141	3	8	2012	423.3	Piscivorous			2001	1917
141	3	8	2012	423.3	1	2013	558.6	1927	1363
141	3	8	2012	423.3	2	2014	269.4	1892	1096
141	3	8	2012	423.3	3	2015	104.8	1878	992
141	3	8	2012	423.3	4	2016	334.6	1833	660
141	3	8	2012	423.3	5	2017	157.8	1813	504
141	3	8	2012	423.3	6	2018	139.6	1794	366
141	3	8	2012	423.3	7	2019	169.2	1772	198
141	3	8	2012	423.3	8	2020	84.6	1760	114
141	3	8	2012	423.3	edge		48.5	1754	66
142	3	9	2011	359.8	Piscivorous			1599	1746
142	3	9	2011	359.8	1	2012	467.6	1540	1282
142	3	9	2011	359.8	2	2013	218.1	1512	1066
142	3	9	2011	359.8	3	2014	259.7	1480	808
142	3	9	2011	359.8	4	2015	198.0	1455	612
142	3	9	2011	359.8	5	2016	114.9	1440	498
142	3	9	2011	359.8	6	2017	129.5	1424	369
142	3	9	2011	359.8	7	2018	152.8	1404	218
142	3	9	2011	359.8	8	2019	62.5	1396	156
142	3	9	2011	359.8	9	2020	48.1	1390	108
142	3	9	2011	359.8	edge		42.4	1385	66
143	2	9	2011	426.8	Piscivorous			1479	1928
143	2	9	2011	426.8	1	2012	771.0	1489	1157
143	2	9	2011	426.8	2	2013	216.1	1492	941
143	2	9	2011	426.8	3	2014	256.9	1496	684
143	2	9	2011	426.8	4	2015	162.0	1498	522
143	2	9	2011	426.8	5	2016	92.0	1499	430
143	2	9	2011	426.8	6	2017	100.1	1501	330
143	2	9	2011	426.8	7	2018	162.0	1503	168
143	2	9	2011	426.8	8	2019	62.0	1504	106
143	2	9	2011	426.8	9	2020	60.1	1505	46
143	2	9	2011	426.8	edge		32.0	1505	14
144	2	9	2011	578.5	Piscivorous			1891	1851
144	2	9	2011	578.5	1	2012	923.1	1642	962
144	2	9	2011	578.5	2	2013	175.6	1595	793
144	2	9	2011	578.5	3	2014	203.8	1540	597
144	2	9	2011	578.5	4	2015	171.3	1494	432
144	2	9	2011	578.5	5	2016	58.2	1479	376
144	2	9	2011	578.5	6	2017	105.8	1450	274
144	2	9	2011	578.5	7	2018	31.6	1442	243
144	2	9	2011	578.5	8	2019	37.4	1431	207
144	2	9	2011	578.5	9	2020	57.2	1416	152
144	2	9	2011	578.5	edge		70.9	1397	84
145	2	8	2012	324.7	Piscivorous			1506	1855
145	2	8	2012	324.7	1	2013	642.1	1568	1216
145	2	8	2012	324.7	2	2014	339.7	1601	878
145	2	8	2012	324.7	3	2015	268.1	1627	611
145	2	8	2012	324.7	4	2016	279.3	1655	333
145	2	8	2012	324.7	5	2017	89.3	1663	244
145	2	8	2012	324.7	6	2018	50.2	1668	194
145	2	8	2012	324.7	7	2019	42.6	1672	152
145	2	8	2012	324.7	8	2020	55.7	1678	96
145	2	8	2012	324.7	edge		54.7	1683	42
146	1	6	2014	558.7	Piscivorous			1854	1936
146	1	6	2014	558.7	1	2015	673.0	1848	1263
146	1	6	2014	558.7	2	2016	423.0	1844	840
146	1	6	2014	558.7	3	2017	456.0	1839	384
146	1	6	2014	558.7	4	2018	100.0	1838	284
146	1	6	2014	558.7	5	2019	118.0	1837	166
146	1	6	2014	558.7	6	2020	72.0	1837	94
146	1	6	2014	558.7	edge		76.0	1836	18
147	2	6	2014	324.9	Piscivorous			1786	2035
147	2	6	2014	324.9	1	2015	961.2	1821	1074
147	2	6	2014	324.9	2	2016	180.2	1827	894
147	2	6	2014	324.9	3	2017	171.3	1833	723
147	2	6	2014	324.9	4	2018	365.1	1846	358
147	2	6	2014	324.9	5	2019	162.0	1852	196
147	2	6	2014	324.9	6	2020	82.1	1855	114
147	2	6	2014	324.9	edge		79.4	1858	35
148	3	1	2019	984.4	Piscivorous			1678	1877
148	3	1	2019	984.4	1	2020	1080.5	1646	797
148	3	1	2019	984.4	edge		548.2	1630	249
149	2	9	2011	278.0	Piscivorous			1568	1939
149	2	9	2011	278.0	1	2012	478.9	1542	1461
149	2	9	2011	278.0	2	2013	240.0	1530	1221
149	2	9	2011	278.0	3	2014	318.7	1513	903
149	2	9	2011	278.0	4	2015	137.9	1506	765
149	2	9	2011	278.0	5	2016	237.6	1493	528
149	2	9	2011	278.0	6	2017	56.0	1490	472
149	2	9	2011	278.0	7	2018	66.1	1487	406
149	2	9	2011	278.0	8	2019	30.1	1485	376
149	2	9	2011	278.0	9	2020	32.1	1484	344
149	2	9	2011	278.0	edge		50.7	1481	293
15	2	2	2018	575.1	Piscivorous			1507	1701
15	2	2	2018	575.1	1	2019	830.4	1554	872
15	2	2	2018	575.1	2	2020	371.4	1575	501
15	2	2	2018	575.1	edge		395.7	1597	106
150	3	5	2015	556.9	Piscivorous			1747	1767
150	3	5	2015	556.9	1	2016	761.5	1782	1006
150	3	5	2015	556.9	2	2017	206.3	1792	800
150	3	5	2015	556.9	3	2018	197.9	1801	602
150	3	5	2015	556.9	4	2019	104.0	1806	498
150	3	5	2015	556.9	5	2020	186.8	1815	312
150	3	5	2015	556.9	edge		64.8	1818	247
151	3	8	2012	390.0	Piscivorous			1394	1612
151	3	8	2012	390.0	1	2013	711.0	1303	907
151	3	8	2012	390.0	2	2014	228.7	1274	680
151	3	8	2012	390.0	3	2015	128.5	1257	552
151	3	8	2012	390.0	4	2016	127.5	1241	426
151	3	8	2012	390.0	5	2017	108.6	1227	318
151	3	8	2012	390.0	6	2018	41.0	1222	277
151	3	8	2012	390.0	7	2019	56.1	1214	222
151	3	8	2012	390.0	8	2020	80.9	1204	142
151	3	8	2012	390.0	edge		47.3	1198	95
152	3	3	2017	514.0	Piscivorous			1720	1982
152	3	3	2017	514.0	1	2018	1317.8	1675	665
152	3	3	2017	514.0	2	2019	279.1	1665	386
152	3	3	2017	514.0	3	2020	180.0	1659	206
152	3	3	2017	514.0	edge		82.1	1656	124
153	3	3	2017	147.0	Piscivorous			1705	2010
153	3	3	2017	147.0	1	2018	1066.6	1854	954
153	3	3	2017	147.0	2	2019	651.2	1945	309
153	3	3	2017	147.0	3	2020	254.6	1981	57
153	3	3	2017	147.0	edge		24.2	1984	33
154	2	5	2015	319.8	Piscivorous			1751	1812
154	2	5	2015	319.8	1	2016	509.4	1787	1304
154	2	5	2015	319.8	2	2017	467.9	1821	837
154	2	5	2015	319.8	3	2018	373.6	1847	464
154	2	5	2015	319.8	4	2019	137.9	1857	327
154	2	5	2015	319.8	5	2020	183.6	1870	144
154	2	5	2015	319.8	edge		63.0	1875	81
155	1	4	2016	448.4	Piscivorous			1599	1699
155	1	4	2016	448.4	1	2017	1064.2	1729	643
155	1	4	2016	448.4	2	2018	214.6	1755	430
155	1	4	2016	448.4	3	2019	116.1	1769	314
155	1	4	2016	448.4	4	2020	80.6	1779	234
155	1	4	2016	448.4	edge		34.7	1783	200
156	3	3	2017	635.1	Piscivorous			1757	1887
156	3	3	2017	635.1	1	2018	1201.6	1862	690
156	3	3	2017	635.1	2	2019	391.4	1896	300
156	3	3	2017	635.1	3	2020	198.8	1913	102
156	3	3	2017	635.1	edge		63.3	1919	39
157	3	4	2016	368.4	Piscivorous			1505	1931
157	3	4	2016	368.4	1	2017	964.8	1411	971
157	3	4	2016	368.4	2	2018	479.8	1364	493
157	3	4	2016	368.4	3	2019	219.7	1343	275
157	3	4	2016	368.4	4	2020	104.3	1333	171
157	3	4	2016	368.4	edge		37.0	1329	134
158	3	4	2016	435.3	Piscivorous			1434	2061
158	3	4	2016	435.3	1	2017	1305.9	1389	756
158	3	4	2016	435.3	2	2018	205.9	1382	550
158	3	4	2016	435.3	3	2019	178.2	1376	372
158	3	4	2016	435.3	4	2020	156.2	1370	216
158	3	4	2016	435.3	edge		64.0	1368	152
159	2	2	2018	442.7	Piscivorous			1598	1823
159	2	2	2018	442.7	1	2019	870.1	1559	954
159	2	2	2018	442.7	2	2020	555.5	1534	399
159	2	2	2018	442.7	edge		211.0	1524	188
16	3	3	2017	447.2	Piscivorous			1984	1804
16	3	3	2017	447.2	1	2018	627.8	2032	1178
16	3	3	2017	447.2	2	2019	379.0	2060	800
16	3	3	2017	447.2	3	2020	423.0	2093	378
16	3	3	2017	447.2	edge		229.0	2110	150
160	3	8	2012	204.4	Piscivorous			1822	1755
160	3	8	2012	204.4	1	2013	526.7	1783	1230
160	3	8	2012	204.4	2	2014	0.0	1783	1230
160	3	8	2012	204.4	3	2015	362.6	1757	868
160	3	8	2012	204.4	4	2016	271.9	1737	597
160	3	8	2012	204.4	5	2017	132.2	1727	465
160	3	8	2012	204.4	6	2018	78.5	1721	387
160	3	8	2012	204.4	7	2019	96.2	1714	291
160	3	8	2012	204.4	8	2020	54.0	1710	237
160	3	8	2012	204.4	edge		55.2	1706	182
161	2	3	2017	342.6	Piscivorous			1889	1755
161	2	3	2017	342.6	1	2018	1051.1	1839	705
161	2	3	2017	342.6	2	2019	207.2	1829	498
161	2	3	2017	342.6	3	2020	156.3	1822	342
161	2	3	2017	342.6	edge		297.4	1808	45
162	2	3	2017	340.6	Piscivorous			1797	2187
162	2	3	2017	340.6	1	2018	1131.3	1472	1103
162	2	3	2017	340.6	2	2019	680.5	1276	452
162	2	3	2017	340.6	3	2020	232.5	1209	229
162	2	3	2017	340.6	edge		63.7	1191	168
163	3	2	2018	238.2	Piscivorous			1892	1752
163	3	2	2018	238.2	1	2019	1210.6	1953	543
163	3	2	2018	238.2	2	2020	393.4	1973	150
163	3	2	2018	238.2	edge		0.0	1973	150
164	3	8	2012	265.0	Piscivorous			1471	1747
164	3	8	2012	265.0	1	2013	565.4	1333	1199
164	3	8	2012	265.0	2	2014	288.1	1263	919
164	3	8	2012	265.0	3	2015	315.1	1186	614
164	3	8	2012	265.0	4	2016	197.9	1138	422
164	3	8	2012	265.0	5	2017	81.3	1118	343
164	3	8	2012	265.0	6	2018	39.8	1108	304
164	3	8	2012	265.0	7	2019	38.8	1099	267
164	3	8	2012	265.0	8	2020	54.3	1086	214
164	3	8	2012	265.0	edge		43.4	1075	172
165	1	2	2018	573.4	Piscivorous			1633	1712
165	1	2	2018	573.4	1	2019	888.0	1498	834
165	1	2	2018	573.4	2	2020	314.1	1451	524
165	1	2	2018	573.4	edge		289.1	1407	238
166	2	6	2014	580.7	Piscivorous			1414	1782
166	2	6	2014	580.7	1	2015	771.8	1480	1013
166	2	6	2014	580.7	2	2016	228.2	1500	786
166	2	6	2014	580.7	3	2017	173.4	1515	613
166	2	6	2014	580.7	4	2018	102.3	1524	511
166	2	6	2014	580.7	5	2019	162.6	1538	349
166	2	6	2014	580.7	6	2020	0.0	1538	349
166	2	6	2014	580.7	edge		48.2	1542	301
167	2	4	2016	567.3	Piscivorous			1647	1744
167	2	4	2016	567.3	1	2017	1212.6	1595	533
167	2	4	2016	567.3	2	2018	164.0	1588	369
167	2	4	2016	567.3	3	2019	77.1	1584	292
167	2	4	2016	567.3	4	2020	126.1	1579	166
167	2	4	2016	567.3	edge		119.5	1574	47
168	3	10	2010	624.5	Piscivorous			1564	1843
168	3	10	2010	624.5	1	2011	795.7	1524	1049
168	3	10	2010	624.5	2	2012	241.7	1512	807
168	3	10	2010	624.5	3	2013	200.6	1503	607
168	3	10	2010	624.5	4	2014	112.0	1497	495
168	3	10	2010	624.5	5	2015	0.0	1497	495
168	3	10	2010	624.5	6	2016	156.3	1489	339
168	3	10	2010	624.5	7	2017	140.3	1482	199
168	3	10	2010	624.5	8	2018	2.0	1482	197
168	3	10	2010	624.5	9	2019	43.8	1480	153
168	3	10	2010	624.5	10	2020	47.9	1478	105
168	3	10	2010	624.5	edge		42.4	1476	63
169	3	3	2017	363.3	Piscivorous			1718	1798
169	3	3	2017	363.3	1	2018	746.0	1717	1052
169	3	3	2017	363.3	2	2019	572.0	1716	480
169	3	3	2017	363.3	3	2020	183.0	1716	297
169	3	3	2017	363.3	edge		173.0	1716	124
17	3	1	2019	1023.1	Piscivorous			1635	1891
17	3	1	2019	1023.1	1	2020	1110.0	1631	781
17	3	1	2019	1023.1	edge		636.0	1629	145
170	1	4	2016	358.2	Piscivorous			1887	1627
170	1	4	2016	358.2	1	2017	1056.5	2022	579
170	1	4	2016	358.2	2	2018	266.2	2056	315
170	1	4	2016	358.2	3	2019	129.5	2072	187
170	1	4	2016	358.2	4	2020	85.2	2083	102
170	1	4	2016	358.2	edge		46.5	2089	56
171	2	4	2016	570.1	Piscivorous			1601	1886
171	2	4	2016	570.1	1	2017	1006.3	1530	882
171	2	4	2016	570.1	2	2018	599.8	1487	284
171	2	4	2016	570.1	3	2019	80.4	1482	204
171	2	4	2016	570.1	4	2020	74.8	1476	129
171	2	4	2016	570.1	edge		47.3	1473	82
172	3	6	2014	382.9	Piscivorous			1638	2090
172	3	6	2014	382.9	1	2015	921.0	1642	1169
172	3	6	2014	382.9	2	2016	322.0	1643	847
172	3	6	2014	382.9	3	2017	204.0	1644	643
172	3	6	2014	382.9	4	2018	315.0	1646	328
172	3	6	2014	382.9	5	2019	193.0	1646	135
172	3	6	2014	382.9	6	2020	75.0	1647	60
172	3	6	2014	382.9	edge		48.0	1647	12
173	2	2	2018	761.8	Piscivorous			1663	1698
173	2	2	2018	761.8	1	2019	877.4	1514	833
173	2	2	2018	761.8	2	2020	492.7	1431	348
173	2	2	2018	761.8	edge		133.6	1408	216
174	3	0	2020	889.9	Piscivorous			1721	1966
174	3	0	2020	889.9	edge		1959.1	2021	30
175	1	7	2013	387.3	Piscivorous			1894	2211
175	1	7	2013	387.3	1	2014	942.1	1902	1269
175	1	7	2013	387.3	2	2015	420.0	1905	849
175	1	7	2013	387.3	3	2016	210.0	1907	639
175	1	7	2013	387.3	4	2017	126.0	1908	513
175	1	7	2013	387.3	5	2018	174.0	1909	339
175	1	7	2013	387.3	6	2019	158.9	1911	180
175	1	7	2013	387.3	7	2020	102.0	1912	78
175	1	7	2013	387.3	edge		54.0	1912	24
176	3	2	2018	697.0	Piscivorous			1412	1883
176	3	2	2018	697.0	1	2019	1049.0	1417	834
176	3	2	2018	697.0	2	2020	542.0	1419	292
176	3	2	2018	697.0	edge		124.0	1420	168
177	3	7	2013	301.1	Piscivorous			1585	1892
177	3	7	2013	301.1	1	2014	831.9	1796	1087
177	3	7	2013	301.1	2	2015	214.4	1850	880
177	3	7	2013	301.1	3	2016	181.6	1896	704
177	3	7	2013	301.1	4	2017	193.6	1945	517
177	3	7	2013	301.1	5	2018	162.3	1986	360
177	3	7	2013	301.1	6	2019	88.7	2008	274
177	3	7	2013	301.1	7	2020	88.1	2031	189
177	3	7	2013	301.1	edge		95.8	2055	96
178	3	0	2020	1118.9	Piscivorous			1700	1900
178	3	0	2020	1118.9	edge		1765.2	1564	140
179	3	6	2014	481.6	Piscivorous			1621	1877
179	3	6	2014	481.6	1	2015	845.9	1582	1032
179	3	6	2014	481.6	2	2016	223.2	1571	809
179	3	6	2014	481.6	3	2017	239.2	1560	570
179	3	6	2014	481.6	4	2018	180.4	1552	390
179	3	6	2014	481.6	5	2019	95.9	1548	294
179	3	6	2014	481.6	6	2020	80.1	1544	214
179	3	6	2014	481.6	edge		62.1	1541	152
18	3	6	2014	337.7	Piscivorous			1725	1898
18	3	6	2014	337.7	1	2015	879.6	1867	1030
18	3	6	2014	337.7	2	2016	277.9	1912	756
18	3	6	2014	337.7	3	2017	136.5	1934	621
18	3	6	2014	337.7	4	2018	154.8	1958	468
18	3	6	2014	337.7	5	2019	136.8	1980	333
18	3	6	2014	337.7	6	2020	110.5	1998	224
18	3	6	2014	337.7	edge		68.9	2009	156
180	2	4	2016	580.5	Piscivorous			1777	1734
180	2	4	2016	580.5	1	2017	1000.3	1662	740
180	2	4	2016	580.5	2	2018	202.8	1638	539
180	2	4	2016	580.5	3	2019	153.4	1621	387
180	2	4	2016	580.5	4	2020	113.4	1607	274
180	2	4	2016	580.5	edge		56.3	1601	218
181	2	4	2016	811.3	Piscivorous			1737	1979
181	2	4	2016	811.3	1	2017	1083.3	1483	926
181	2	4	2016	811.3	2	2018	367.4	1397	569
181	2	4	2016	811.3	3	2019	341.9	1316	236
181	2	4	2016	811.3	4	2020	135.4	1285	105
181	2	4	2016	811.3	edge		92.4	1263	15
182	3	3	2017	563.6	Piscivorous			2154	1900
182	3	3	2017	563.6	1	2018	845.7	1724	1172
182	3	3	2017	563.6	2	2019	849.5	1291	441
182	3	3	2017	563.6	3	2020	94.6	1243	359
182	3	3	2017	563.6	edge		225.9	1128	165
183	3	3	2017	723.5	Piscivorous			1597	1840
183	3	3	2017	723.5	1	2018	922.2	1548	919
183	3	3	2017	723.5	2	2019	249.4	1535	670
183	3	3	2017	723.5	3	2020	312.5	1519	358
183	3	3	2017	723.5	edge		189.2	1509	169
184	3	7	2013	394.2	Piscivorous			1814	1895
184	3	7	2013	394.2	1	2014	526.5	1633	1401
184	3	7	2013	394.2	2	2015	256.7	1545	1159
184	3	7	2013	394.2	3	2016	438.3	1395	748
184	3	7	2013	394.2	4	2017	138.7	1347	617
184	3	7	2013	394.2	5	2018	140.5	1299	486
184	3	7	2013	394.2	6	2019	182.1	1236	315
184	3	7	2013	394.2	7	2020	80.5	1209	239
184	3	7	2013	394.2	edge		37.2	1196	204
185	3	5	2015	519.0	Piscivorous			1809	1753
185	3	5	2015	519.0	1	2016	840.4	1784	913
185	3	5	2015	519.0	2	2017	228.1	1777	685
185	3	5	2015	519.0	3	2018	200.3	1771	485
185	3	5	2015	519.0	4	2019	94.1	1768	391
185	3	5	2015	519.0	5	2020	45.7	1767	345
185	3	5	2015	519.0	edge		129.1	1763	216
186	1	5	2015	340.3	Piscivorous			1962	1662
186	1	5	2015	340.3	1	2016	887.5	1896	777
186	1	5	2015	340.3	2	2017	292.0	1874	486
186	1	5	2015	340.3	3	2018	127.6	1865	359
186	1	5	2015	340.3	4	2019	102.5	1857	256
186	1	5	2015	340.3	5	2020	24.4	1855	232
186	1	5	2015	340.3	edge		18.1	1854	214
187	2	6	2014	519.7	Piscivorous			1689	1798
187	2	6	2014	519.7	1	2015	718.5	1580	1088
187	2	6	2014	519.7	2	2016	349.2	1527	743
187	2	6	2014	519.7	3	2017	172.0	1501	573
187	2	6	2014	519.7	4	2018	206.9	1469	368
187	2	6	2014	519.7	5	2019	149.2	1447	221
187	2	6	2014	519.7	6	2020	66.8	1437	155
187	2	6	2014	519.7	edge		37.2	1431	118
188	3	2	2018	822.8	Piscivorous			1768	1865
188	3	2	2018	822.8	1	2019	998.9	1843	869
188	3	2	2018	822.8	2	2020	559.3	1884	311
188	3	2	2018	822.8	edge		235.8	1902	76
189	1	1	2019	516.0	Piscivorous			1829	1759
189	1	1	2019	516.0	1	2020	934.3	1852	825
189	1	1	2019	516.0	edge		667.2	1869	158
19	2	3	2017	527.0	Piscivorous			1650	1838
19	2	3	2017	527.0	1	2018	1161.3	1678	677
19	2	3	2017	527.0	2	2019	283.0	1685	394
19	2	3	2017	527.0	3	2020	139.2	1688	255
19	2	3	2017	527.0	edge		85.0	1690	170
190	1	2	2018	862.7	Piscivorous			1702	1713
190	1	2	2018	862.7	1	2019	1265.2	1567	455
190	1	2	2018	862.7	2	2020	237.5	1541	219
190	1	2	2018	862.7	edge		202.2	1519	18
191	1	3	2017	597.2	Piscivorous			1650	1971
191	1	3	2017	597.2	1	2018	792.0	1715	1182
191	1	3	2017	597.2	2	2019	279.3	1738	903
191	1	3	2017	597.2	3	2020	620.3	1789	285
191	1	3	2017	597.2	edge		233.9	1808	52
192	2	1	2019	542.1	Piscivorous			1359	1829
192	2	1	2019	542.1	1	2020	1369.5	1402	460
192	2	1	2019	542.1	edge		422.4	1415	38
193	3	8	2012	490.1	Piscivorous			1557	1822
193	3	8	2012	490.1	1	2013	724.8	1637	1102
193	3	8	2012	490.1	2	2014	156.7	1654	946
193	3	8	2012	490.1	3	2015	136.5	1669	810
193	3	8	2012	490.1	4	2016	214.3	1692	597
193	3	8	2012	490.1	5	2017	117.9	1705	480
193	3	8	2012	490.1	6	2018	99.7	1716	381
193	3	8	2012	490.1	7	2019	100.9	1727	280
193	3	8	2012	490.1	8	2020	41.1	1732	240
193	3	8	2012	490.1	edge		47.9	1737	192
194	3	2	2018	784.0	Piscivorous			1576	1840
194	3	2	2018	784.0	1	2019	1128.1	1564	712
194	3	2	2018	784.0	2	2020	368.9	1560	343
194	3	2	2018	784.0	edge		204.1	1558	139
195	3	2	2018	651.4	Piscivorous			1498	1705
195	3	2	2018	651.4	1	2019	918.5	1369	796
195	3	2	2018	651.4	2	2020	500.5	1298	300
195	3	2	2018	651.4	edge		99.1	1284	202
196	1	6	2014	506.9	Piscivorous			1506	1814
196	1	6	2014	506.9	1	2015	809.4	1477	1005
196	1	6	2014	506.9	2	2016	237.4	1469	768
196	1	6	2014	506.9	3	2017	275.3	1459	493
196	1	6	2014	506.9	4	2018	238.0	1450	255
196	1	6	2014	506.9	5	2019	134.9	1445	120
196	1	6	2014	506.9	6	2020	63.0	1443	57
196	1	6	2014	506.9	edge		33.2	1442	24
197	2	6	2014	391.7	Piscivorous			1894	1856
197	2	6	2014	391.7	1	2015	725.4	1917	1131
197	2	6	2014	391.7	2	2016	330.1	1927	801
197	2	6	2014	391.7	3	2017	393.2	1939	408
197	2	6	2014	391.7	4	2018	116.8	1943	291
197	2	6	2014	391.7	5	2019	84.3	1946	207
197	2	6	2014	391.7	6	2020	69.2	1948	138
197	2	6	2014	391.7	edge		65.8	1950	72
198	2	10	2010	366.5	Piscivorous			1377	1833
198	2	10	2010	366.5	1	2011	577.1	1469	1263
198	2	10	2010	366.5	2	2012	340.3	1523	927
198	2	10	2010	366.5	3	2013	180.0	1552	750
198	2	10	2010	366.5	4	2014	206.2	1585	546
198	2	10	2010	366.5	5	2015	187.9	1615	361
198	2	10	2010	366.5	6	2016	60.0	1625	301
198	2	10	2010	366.5	7	2017	50.0	1633	252
198	2	10	2010	366.5	8	2018	28.0	1637	225
198	2	10	2010	366.5	9	2019	30.6	1642	194
198	2	10	2010	366.5	10	2020	42.1	1649	153
198	2	10	2010	366.5	edge		45.4	1656	108
199	3	0	2020	647.0	Piscivorous			1843	1796
199	3	0	2020	647.0	edge		1588.3	1873	208
2	2	3	2017	612.6	Piscivorous			1835	1752
2	2	3	2017	612.6	1	2018	837.5	1869	915
2	2	3	2017	612.6	2	2019	282.5	1880	633
2	2	3	2017	612.6	3	2020	360.2	1895	273
2	2	3	2017	612.6	edge		228.2	1904	45
20	3	8	2012	649.8	Piscivorous			1766	2004
20	3	8	2012	649.8	1	2013	1017.1	1461	1034
20	3	8	2012	649.8	2	2014	244.1	1388	801
20	3	8	2012	649.8	3	2015	240.4	1316	571
20	3	8	2012	649.8	4	2016	175.7	1264	404
20	3	8	2012	649.8	5	2017	98.4	1234	310
20	3	8	2012	649.8	6	2018	78.0	1211	235
20	3	8	2012	649.8	7	2019	65.5	1191	173
20	3	8	2012	649.8	8	2020	49.5	1177	126
20	3	8	2012	649.8	edge		35.1	1166	92
200	2	3	2017	589.7	Piscivorous			1539	1794
200	2	3	2017	589.7	1	2018	803.1	1424	999
200	2	3	2017	589.7	2	2019	627.9	1333	378
200	2	3	2017	589.7	3	2020	133.6	1314	246
200	2	3	2017	589.7	edge		105.6	1299	141
201	3	7	2013	563.7	Piscivorous			1882	1996
201	3	7	2013	563.7	1	2014	763.9	1615	1280
201	3	7	2013	563.7	2	2015	187.5	1550	1105
201	3	7	2013	563.7	3	2016	197.0	1481	920
201	3	7	2013	563.7	4	2017	258.1	1391	678
201	3	7	2013	563.7	5	2018	153.8	1337	534
201	3	7	2013	563.7	6	2019	236.0	1254	313
201	3	7	2013	563.7	7	2020	111.3	1216	209
201	3	7	2013	563.7	edge		53.0	1197	159
202	1	2	2018	587.3	Piscivorous			1850	1849
202	1	2	2018	587.3	1	2019	930.0	1859	919
202	1	2	2018	587.3	2	2020	412.1	1863	507
202	1	2	2018	587.3	edge		345.0	1866	162
203	3	4	2016	647.1	Piscivorous			1568	1923
203	3	4	2016	647.1	1	2017	914.7	1460	1015
203	3	4	2016	647.1	2	2018	305.5	1423	711
203	3	4	2016	647.1	3	2019	293.8	1389	420
203	3	4	2016	647.1	4	2020	175.1	1368	246
203	3	4	2016	647.1	edge		57.2	1361	189
204	3	3	2017	476.0	Piscivorous			1673	1945
204	3	3	2017	476.0	1	2018	1236.1	1599	711
204	3	3	2017	476.0	2	2019	258.6	1583	453
204	3	3	2017	476.0	3	2020	213.5	1570	240
204	3	3	2017	476.0	edge		56.0	1567	184
205	2	4	2016	618.8	Piscivorous			1796	1905
205	2	4	2016	618.8	1	2017	970.3	1846	936
205	2	4	2016	618.8	2	2018	634.0	1879	303
205	2	4	2016	618.8	3	2019	90.2	1883	213
205	2	4	2016	618.8	4	2020	122.8	1890	90
205	2	4	2016	618.8	edge		45.1	1892	45
206	1	3	2017	704.7	Piscivorous			1799	1928
206	1	3	2017	704.7	1	2018	1049.6	1887	882
206	1	3	2017	704.7	2	2019	280.9	1911	602
206	1	3	2017	704.7	3	2020	461.0	1950	143
206	1	3	2017	704.7	edge		78.6	1957	65
207	2	10	2010	555.7	Piscivorous			1525	1799
207	2	10	2010	555.7	1	2011	813.9	1660	996
207	2	10	2010	555.7	2	2012	150.4	1685	848
207	2	10	2010	555.7	3	2013	236.6	1725	615
207	2	10	2010	555.7	4	2014	134.2	1747	483
207	2	10	2010	555.7	5	2015	90.4	1762	393
207	2	10	2010	555.7	6	2016	97.0	1778	298
207	2	10	2010	555.7	7	2017	105.4	1796	194
207	2	10	2010	555.7	8	2018	33.5	1801	161
207	2	10	2010	555.7	9	2019	40.4	1808	121
207	2	10	2010	555.7	10	2020	39.5	1815	82
207	2	10	2010	555.7	edge		26.3	1819	56
208	2	6	2014	426.3	Piscivorous			1677	1767
208	2	6	2014	426.3	1	2015	681.0	2012	1174
208	2	6	2014	426.3	2	2016	466.6	2241	768
208	2	6	2014	426.3	3	2017	275.4	2376	528
208	2	6	2014	426.3	4	2018	169.3	2459	380
208	2	6	2014	426.3	5	2019	141.8	2529	257
208	2	6	2014	426.3	6	2020	82.2	2569	185
208	2	6	2014	426.3	edge		35.7	2587	154
209	3	3	2017	729.4	Piscivorous			1692	1758
209	3	3	2017	729.4	1	2018	957.8	1659	801
209	3	3	2017	729.4	2	2019	441.3	1644	360
209	3	3	2017	729.4	3	2020	104.9	1640	255
209	3	3	2017	729.4	edge		57.0	1638	198
21	1	9	2011	392.6	Piscivorous			1859	2073
21	1	9	2011	392.6	1	2012	682.9	1809	1392
21	1	9	2011	392.6	2	2013	214.0	1794	1179
21	1	9	2011	392.6	3	2014	221.8	1777	957
21	1	9	2011	392.6	4	2015	361.2	1751	597
21	1	9	2011	392.6	5	2016	288.5	1730	309
21	1	9	2011	392.6	6	2017	87.6	1724	222
21	1	9	2011	392.6	7	2018	60.1	1719	162
21	1	9	2011	392.6	8	2019	44.9	1716	117
21	1	9	2011	392.6	9	2020	48.5	1712	69
21	1	9	2011	392.6	edge		47.9	1709	21
210	2	2	2018	526.0	Piscivorous			1662	1942
210	2	2	2018	526.0	1	2019	1059.9	1773	888
210	2	2	2018	526.0	2	2020	606.0	1836	285
210	2	2	2018	526.0	edge		194.2	1856	92
211	2	6	2014	328.6	Piscivorous			1615	2014
211	2	6	2014	328.6	1	2015	1122.0	1697	895
211	2	6	2014	328.6	2	2016	198.3	1712	697
211	2	6	2014	328.6	3	2017	187.2	1726	511
211	2	6	2014	328.6	4	2018	174.9	1739	336
211	2	6	2014	328.6	5	2019	124.6	1748	212
211	2	6	2014	328.6	6	2020	112.1	1756	100
211	2	6	2014	328.6	edge		68.3	1761	32
212	3	4	2016	514.1	Piscivorous			1488	1843
212	3	4	2016	514.1	1	2017	846.1	1509	997
212	3	4	2016	514.1	2	2018	270.1	1515	727
212	3	4	2016	514.1	3	2019	300.0	1523	427
212	3	4	2016	514.1	4	2020	165.3	1527	262
212	3	4	2016	514.1	edge		45.9	1528	216
213	2	4	2016	404.8	Piscivorous			1920	2026
213	2	4	2016	404.8	1	2017	980.5	1773	1057
213	2	4	2016	404.8	2	2018	652.5	1674	412
213	2	4	2016	404.8	3	2019	177.3	1648	236
213	2	4	2016	404.8	4	2020	109.8	1631	128
213	2	4	2016	404.8	edge		61.5	1622	67
214	2	4	2016	414.8	Piscivorous			1585	1700
214	2	4	2016	414.8	1	2017	1030.1	1415	684
214	2	4	2016	414.8	2	2018	314.3	1363	374
214	2	4	2016	414.8	3	2019	113.8	1344	262
214	2	4	2016	414.8	4	2020	74.3	1332	188
214	2	4	2016	414.8	edge		43.1	1325	146
215	1	5	2015	570.2	Piscivorous			1514	1948
215	1	5	2015	570.2	1	2016	825.5	1417	1128
215	1	5	2015	570.2	2	2017	447.2	1365	684
215	1	5	2015	570.2	3	2018	348.6	1324	338
215	1	5	2015	570.2	4	2019	144.8	1307	194
215	1	5	2015	570.2	5	2020	129.5	1292	65
215	1	5	2015	570.2	edge		63.9	1284	2
216	3	1	2019	376.9	Piscivorous			1720	1849
216	3	1	2019	376.9	1	2020	1482.3	1796	369
216	3	1	2019	376.9	edge		329.8	1813	39
217	3	6	2014	569.4	Piscivorous			1879	1850
217	3	6	2014	569.4	1	2015	1121.1	1868	729
217	3	6	2014	569.4	2	2016	0.0	1868	729
217	3	6	2014	569.4	3	2017	318.0	1865	411
217	3	6	2014	569.4	4	2018	108.0	1863	303
217	3	6	2014	569.4	5	2019	123.1	1862	180
217	3	6	2014	569.4	6	2020	87.0	1861	93
217	3	6	2014	569.4	edge		37.0	1861	56
218	3	6	2014	776.3	Piscivorous			1399	2102
218	3	6	2014	776.3	1	2015	962.1	1544	1151
218	3	6	2014	776.3	2	2016	429.8	1609	726
218	3	6	2014	776.3	3	2017	179.0	1636	549
218	3	6	2014	776.3	4	2018	118.4	1654	432
218	3	6	2014	776.3	5	2019	130.2	1673	303
218	3	6	2014	776.3	6	2020	210.1	1705	96
218	3	6	2014	776.3	edge		52.2	1713	44
219	3	1	2019	578.3	Piscivorous			1663	1910
219	3	1	2019	578.3	1	2020	1365.2	1564	548
219	3	1	2019	578.3	edge		316.3	1541	233
22	3	1	2019	471.9	Piscivorous			1645	1910
22	3	1	2019	471.9	1	2020	1172.8	1477	749
22	3	1	2019	471.9	edge		304.5	1433	448
220	3	7	2013	327.1	Piscivorous			1707	1551
220	3	7	2013	327.1	1	2014	460.5	1688	1091
220	3	7	2013	327.1	2	2015	280.0	1677	811
220	3	7	2013	327.1	3	2016	98.1	1673	713
220	3	7	2013	327.1	4	2017	128.5	1668	585
220	3	7	2013	327.1	5	2018	101.9	1663	483
220	3	7	2013	327.1	6	2019	83.9	1660	399
220	3	7	2013	327.1	7	2020	36.3	1659	363
220	3	7	2013	327.1	edge		86.8	1655	276
221	3	4	2016	777.6	Piscivorous			1577	1830
221	3	4	2016	777.6	1	2017	988.1	1664	846
221	3	4	2016	777.6	2	2018	334.1	1693	513
221	3	4	2016	777.6	3	2019	286.0	1719	228
221	3	4	2016	777.6	4	2020	114.6	1729	114
221	3	4	2016	777.6	edge		48.1	1733	66
222	3	0	2020	836.1	Piscivorous			1730	1827
222	3	0	2020	836.1	edge		1793.0	1409	63
223	3	0	2020	673.7	Piscivorous			1723	1755
223	3	0	2020	673.7	edge		1638.6	1768	117
224	3	7	2013	340.8	Piscivorous			1573	1908
224	3	7	2013	340.8	1	2014	855.5	1815	1088
224	3	7	2013	340.8	2	2015	210.9	1875	885
224	3	7	2013	340.8	3	2016	181.0	1926	712
224	3	7	2013	340.8	4	2017	160.3	1971	558
224	3	7	2013	340.8	5	2018	206.0	2030	360
224	3	7	2013	340.8	6	2019	105.5	2060	259
224	3	7	2013	340.8	7	2020	92.0	2086	171
224	3	7	2013	340.8	edge		96.7	2113	78
225	3	2	2018	1072.7	Piscivorous			1469	1888
225	3	2	2018	1072.7	1	2019	1327.4	1529	562
225	3	2	2018	1072.7	2	2020	296.3	1543	266
225	3	2	2018	1072.7	edge		178.2	1551	88
226	2	3	2017	333.1	Piscivorous			1996	1768
226	2	3	2017	333.1	1	2018	1127.8	2100	645
226	2	3	2017	333.1	2	2019	132.0	2112	514
226	2	3	2017	333.1	3	2020	172.2	2128	342
226	2	3	2017	333.1	edge		301.4	2156	42
227	2	3	2017	980.9	Piscivorous			1867	1921
227	2	3	2017	980.9	1	2018	1595.6	1701	334
227	2	3	2017	980.9	2	2019	115.6	1689	219
227	2	3	2017	980.9	3	2020	103.0	1678	117
227	2	3	2017	980.9	edge		50.9	1673	66
228	3	8	2012	251.0	Piscivorous			1837	1708
228	3	8	2012	251.0	1	2013	551.2	1872	1158
228	3	8	2012	251.0	2	2014	283.6	1889	875
228	3	8	2012	251.0	3	2015	168.0	1900	707
228	3	8	2012	251.0	4	2016	174.4	1911	533
228	3	8	2012	251.0	5	2017	117.7	1918	416
228	3	8	2012	251.0	6	2018	87.0	1924	329
228	3	8	2012	251.0	7	2019	69.2	1928	260
228	3	8	2012	251.0	8	2020	67.7	1932	192
228	3	8	2012	251.0	edge		46.2	1935	146
229	2	7	2013	345.2	Piscivorous			1909	1917
229	2	7	2013	345.2	1	2014	860.5	1842	1059
229	2	7	2013	345.2	2	2015	304.2	1818	756
229	2	7	2013	345.2	3	2016	162.9	1805	593
229	2	7	2013	345.2	4	2017	201.6	1789	392
229	2	7	2013	345.2	5	2018	104.7	1781	288
229	2	7	2013	345.2	6	2019	165.9	1768	123
229	2	7	2013	345.2	7	2020	44.9	1765	78
229	2	7	2013	345.2	edge		36.1	1762	42
23	2	3	2017	512.5	Piscivorous			1739	1635
23	2	3	2017	512.5	1	2018	1081.4	1834	558
23	2	3	2017	512.5	2	2019	128.8	1846	430
23	2	3	2017	512.5	3	2020	148.0	1859	282
23	2	3	2017	512.5	edge		92.4	1867	190
230	3	2	2018	555.3	Piscivorous			1888	1755
230	3	2	2018	555.3	1	2019	837.2	1878	918
230	3	2	2018	555.3	2	2020	632.8	1870	285
230	3	2	2018	555.3	edge		222.1	1867	63
231	3	1	2019	688.4	Piscivorous			1688	1757
231	3	1	2019	688.4	1	2020	889.7	1802	875
231	3	1	2019	688.4	edge		774.0	1901	107
232	3	2	2018	474.0	Piscivorous			1891	1962
232	3	2	2018	474.0	1	2019	1042.3	1774	926
232	3	2	2018	474.0	2	2020	587.4	1709	343
232	3	2	2018	474.0	edge		302.5	1675	42
233	3	9	2011	402.2	Piscivorous			1538	1677
233	3	9	2011	402.2	1	2012	700.3	1560	977
233	3	9	2011	402.2	2	2013	228.3	1567	749
233	3	9	2011	402.2	3	2014	88.8	1570	660
233	3	9	2011	402.2	4	2015	76.0	1572	584
233	3	9	2011	402.2	5	2016	146.1	1577	438
233	3	9	2011	402.2	6	2017	122.2	1580	316
233	3	9	2011	402.2	7	2018	54.1	1582	262
233	3	9	2011	402.2	8	2019	61.9	1584	200
233	3	9	2011	402.2	9	2020	71.9	1586	128
233	3	9	2011	402.2	edge		58.2	1588	70
234	3	4	2016	599.6	Piscivorous			1588	1935
234	3	4	2016	599.6	1	2017	1125.4	1675	813
234	3	4	2016	599.6	2	2018	240.4	1694	573
234	3	4	2016	599.6	3	2019	153.9	1706	420
234	3	4	2016	599.6	4	2020	159.0	1718	261
234	3	4	2016	599.6	edge		50.4	1722	211
235	3	2	2018	676.5	Piscivorous			1858	1724
235	3	2	2018	676.5	1	2019	931.2	1873	793
235	3	2	2018	676.5	2	2020	276.1	1877	517
235	3	2	2018	676.5	edge		284.0	1882	233
236	3	3	2017	287.7	Piscivorous			1886	1992
236	3	3	2017	287.7	1	2018	1273.0	1731	729
236	3	3	2017	287.7	2	2019	495.6	1670	237
236	3	3	2017	287.7	3	2020	125.1	1655	112
236	3	3	2017	287.7	edge		74.0	1646	39
237	3	2	2018	788.7	Piscivorous			1591	1898
237	3	2	2018	788.7	1	2019	1120.2	1676	781
237	3	2	2018	788.7	2	2020	319.2	1701	463
237	3	2	2018	788.7	edge		164.3	1713	299
238	3	9	2011	255.5	Piscivorous			1739	1821
238	3	9	2011	255.5	1	2012	435.2	1748	1386
238	3	9	2011	255.5	2	2013	363.9	1756	1022
238	3	9	2011	255.5	3	2014	276.1	1761	746
238	3	9	2011	255.5	4	2015	240.0	1766	506
238	3	9	2011	255.5	5	2016	102.0	1768	404
238	3	9	2011	255.5	6	2017	84.0	1770	320
238	3	9	2011	255.5	7	2018	48.0	1771	272
238	3	9	2011	255.5	8	2019	32.1	1772	240
238	3	9	2011	255.5	9	2020	39.9	1773	200
238	3	9	2011	255.5	edge		16.0	1773	184
239	3	0	2020	1022.9	Piscivorous			1708	1845
239	3	0	2020	1022.9	edge		1628.6	1830	221
24	3	4	2016	793.8	Piscivorous			1582	1857
24	3	4	2016	793.8	1	2017	963.9	1825	924
24	3	4	2016	793.8	2	2018	401.7	1926	535
24	3	4	2016	793.8	3	2019	193.5	1975	348
24	3	4	2016	793.8	4	2020	109.2	2003	243
24	3	4	2016	793.8	edge		132.9	2036	114
240	3	2	2018	470.0	Piscivorous			1709	1781
240	3	2	2018	470.0	1	2019	686.8	1744	1095
240	3	2	2018	470.0	2	2020	593.0	1774	503
240	3	2	2018	470.0	edge		419.4	1795	84
241	1	3	2017	259.6	Piscivorous			1572	1803
241	1	3	2017	259.6	1	2018	735.2	1591	1068
241	1	3	2017	259.6	2	2019	392.1	1601	676
241	1	3	2017	259.6	3	2020	250.0	1608	426
241	1	3	2017	259.6	edge		328.2	1616	98
242	3	1	2019	234.2	Piscivorous			1797	1750
242	3	1	2019	234.2	1	2020	1216.1	1786	534
242	3	1	2019	234.2	edge		388.7	1782	145
243	3	0	2020	443.1	Piscivorous			1585	1691
243	3	0	2020	443.1	edge		1555.3	1613	136
244	3	4	2016	394.0	Piscivorous			1666	1941
244	3	4	2016	394.0	1	2017	1028.2	1647	913
244	3	4	2016	394.0	2	2018	465.1	1639	448
244	3	4	2016	394.0	3	2019	216.1	1635	232
244	3	4	2016	394.0	4	2020	102.1	1633	130
244	3	4	2016	394.0	edge		50.8	1632	79
245	3	3	2017	666.9	Piscivorous			1650	1773
245	3	3	2017	666.9	1	2018	734.2	1763	1047
245	3	3	2017	666.9	2	2019	572.8	1851	481
245	3	3	2017	666.9	3	2020	106.6	1867	376
245	3	3	2017	666.9	edge		32.5	1872	344
246	3	6	2014	512.1	Piscivorous			1614	1859
246	3	6	2014	512.1	1	2015	853.1	1602	1006
246	3	6	2014	512.1	2	2016	248.0	1598	758
246	3	6	2014	512.1	3	2017	235.0	1595	523
246	3	6	2014	512.1	4	2018	185.9	1592	337
246	3	6	2014	512.1	5	2019	96.1	1590	241
246	3	6	2014	512.1	6	2020	83.9	1589	157
246	3	6	2014	512.1	edge		87.0	1588	70
247	3	4	2016	416.1	Piscivorous			1807	1771
247	3	4	2016	416.1	1	2017	1059.1	1793	712
247	3	4	2016	416.1	2	2018	306.1	1788	406
247	3	4	2016	416.1	3	2019	94.0	1787	312
247	3	4	2016	416.1	4	2020	100.0	1786	212
247	3	4	2016	416.1	edge		49.0	1785	163
248	3	2	2018	611.2	Piscivorous			1686	1808
248	3	2	2018	611.2	1	2019	1143.1	1739	666
248	3	2	2018	611.2	2	2020	304.3	1753	362
248	3	2	2018	611.2	edge		152.3	1760	210
249	1	6	2014	472.2	Piscivorous			1703	1767
249	1	6	2014	472.2	1	2015	1004.7	1632	765
249	1	6	2014	472.2	2	2016	360.2	1607	406
249	1	6	2014	472.2	3	2017	81.9	1601	324
249	1	6	2014	472.2	4	2018	56.6	1597	267
249	1	6	2014	472.2	5	2019	54.3	1593	213
249	1	6	2014	472.2	6	2020	59.7	1589	154
249	1	6	2014	472.2	edge		27.7	1587	126
25	2	4	2016	652.0	Piscivorous			1816	1829
25	2	4	2016	652.0	1	2017	1063.2	1691	773
25	2	4	2016	652.0	2	2018	298.5	1656	477
25	2	4	2016	652.0	3	2019	254.5	1626	224
25	2	4	2016	652.0	4	2020	129.9	1610	95
25	2	4	2016	652.0	edge		62.6	1603	33
250	3	3	2017	994.1	Piscivorous			1839	1886
250	3	3	2017	994.1	1	2018	1367.4	1808	519
250	3	3	2017	994.1	2	2019	291.0	1802	228
250	3	3	2017	994.1	3	2020	120.1	1799	108
250	3	3	2017	994.1	edge		80.0	1797	28
251	3	3	2017	605.5	Piscivorous			1669	1935
251	3	3	2017	605.5	1	2018	1207.3	1568	732
251	3	3	2017	605.5	2	2019	412.3	1534	321
251	3	3	2017	605.5	3	2020	226.2	1515	96
251	3	3	2017	605.5	edge		56.8	1510	39
252	3	2	2018	549.9	Piscivorous			1480	1926
252	3	2	2018	549.9	1	2019	850.0	1534	1078
252	3	2	2018	549.9	2	2020	745.3	1582	334
252	3	2	2018	549.9	edge		226.4	1596	108
253	3	9	2011	451.4	Piscivorous			1651	1894
253	3	9	2011	451.4	1	2012	639.6	1739	1261
253	3	9	2011	451.4	2	2013	442.8	1801	822
253	3	9	2011	451.4	3	2014	178.2	1825	645
253	3	9	2011	451.4	4	2015	140.0	1845	507
253	3	9	2011	451.4	5	2016	45.8	1851	461
253	3	9	2011	451.4	6	2017	54.3	1859	408
253	3	9	2011	451.4	7	2018	86.6	1870	322
253	3	9	2011	451.4	8	2019	61.1	1879	261
253	3	9	2011	451.4	9	2020	49.2	1886	213
253	3	9	2011	451.4	edge		38.0	1891	175
254	2	6	2014	450.5	Piscivorous			1756	1827
254	2	6	2014	450.5	1	2015	567.8	1810	1262
254	2	6	2014	450.5	2	2016	540.8	1862	723
254	2	6	2014	450.5	3	2017	329.5	1894	395
254	2	6	2014	450.5	4	2018	102.1	1903	294
254	2	6	2014	450.5	5	2019	104.8	1913	190
254	2	6	2014	450.5	6	2020	108.9	1924	81
254	2	6	2014	450.5	edge		43.3	1928	38
255	3	7	2013	441.9	Piscivorous			1638	1836
255	3	7	2013	441.9	1	2014	592.9	1484	1263
255	3	7	2013	441.9	2	2015	381.3	1385	895
255	3	7	2013	441.9	3	2016	306.5	1305	599
255	3	7	2013	441.9	4	2017	144.7	1268	459
255	3	7	2013	441.9	5	2018	75.5	1248	387
255	3	7	2013	441.9	6	2019	61.9	1232	327
255	3	7	2013	441.9	7	2020	101.8	1206	229
255	3	7	2013	441.9	edge		60.6	1190	170
256	2	3	2017	784.5	Piscivorous			1560	1851
256	2	3	2017	784.5	1	2018	975.1	1641	879
256	2	3	2017	784.5	2	2019	384.9	1672	496
256	2	3	2017	784.5	3	2020	241.2	1692	255
256	2	3	2017	784.5	edge		214.0	1710	42
257	2	4	2016	669.2	Piscivorous			1728	1702
257	2	4	2016	669.2	1	2017	854.1	1715	848
257	2	4	2016	669.2	2	2018	562.0	1707	286
257	2	4	2016	669.2	3	2019	100.1	1705	186
257	2	4	2016	669.2	4	2020	48.0	1704	138
257	2	4	2016	669.2	edge		32.0	1704	106
258	3	0	2020	1102.6	Piscivorous			1585	1819
258	3	0	2020	1102.6	edge		1763.6	1081	129
259	1	6	2014	466.1	Piscivorous			1663	1843
259	1	6	2014	466.1	1	2015	951.2	1639	892
259	1	6	2014	466.1	2	2016	255.3	1633	637
259	1	6	2014	466.1	3	2017	186.9	1628	450
259	1	6	2014	466.1	4	2018	130.2	1625	320
259	1	6	2014	466.1	5	2019	64.0	1624	256
259	1	6	2014	466.1	6	2020	56.0	1622	200
259	1	6	2014	466.1	edge		50.9	1621	149
26	2	4	2016	380.3	Piscivorous			2016	1758
26	2	4	2016	380.3	1	2017	995.0	2063	764
26	2	4	2016	380.3	2	2018	503.9	2087	261
26	2	4	2016	380.3	3	2019	0.0	2087	261
26	2	4	2016	380.3	4	2020	152.8	2095	108
26	2	4	2016	380.3	edge		48.2	2097	60
260	3	2	2018	716.5	Piscivorous			1463	1752
260	3	2	2018	716.5	1	2019	1202.2	1399	551
260	3	2	2018	716.5	2	2020	273.1	1385	279
260	3	2	2018	716.5	edge		179.0	1375	100
261	3	1	2019	579.4	Piscivorous			1910	1904
261	3	1	2019	579.4	1	2020	1175.1	2057	738
261	3	1	2019	579.4	edge		498.1	2120	244
262	3	3	2017	869.0	Piscivorous			1771	1876
262	3	3	2017	869.0	1	2018	1131.6	1698	747
262	3	3	2017	869.0	2	2019	423.9	1670	324
262	3	3	2017	869.0	3	2020	114.0	1663	210
262	3	3	2017	869.0	edge		58.2	1659	152
263	3	0	2020	709.1	Piscivorous			1836	1711
263	3	0	2020	709.1	edge		1567.1	1820	144
264	3	2	2018	962.7	Piscivorous			1692	1806
264	3	2	2018	962.7	1	2019	1032.3	1828	783
264	3	2	2018	962.7	2	2020	505.0	1895	282
264	3	2	2018	962.7	edge		54.7	1902	228
265	3	5	2015	708.1	Piscivorous			1829	1879
265	3	5	2015	708.1	1	2016	836.1	1773	1045
265	3	5	2015	708.1	2	2017	292.8	1754	753
265	3	5	2015	708.1	3	2018	177.0	1742	576
265	3	5	2015	708.1	4	2019	189.2	1729	387
265	3	5	2015	708.1	5	2020	136.1	1720	252
265	3	5	2015	708.1	edge		105.8	1713	146
266	2	4	2016	498.2	Piscivorous			1740	1908
266	2	4	2016	498.2	1	2017	810.0	1740	1098
266	2	4	2016	498.2	2	2018	300.0	1740	798
266	2	4	2016	498.2	3	2019	333.0	1740	465
266	2	4	2016	498.2	4	2020	132.0	1740	333
266	2	4	2016	498.2	edge		71.0	1740	262
267	2	2	2018	826.6	Piscivorous			1752	1715
267	2	2	2018	826.6	1	2019	1016.7	1675	701
267	2	2	2018	826.6	2	2020	267.3	1655	435
267	2	2	2018	826.6	edge		282.5	1634	153
268	3	6	2014	413.4	Piscivorous			1602	1795
268	3	6	2014	413.4	1	2015	587.1	1656	1210
268	3	6	2014	413.4	2	2016	197.0	1674	1014
268	3	6	2014	413.4	3	2017	204.4	1693	811
268	3	6	2014	413.4	4	2018	189.2	1710	622
268	3	6	2014	413.4	5	2019	84.2	1718	538
268	3	6	2014	413.4	6	2020	184.7	1735	354
268	3	6	2014	413.4	edge		59.7	1740	295
269	3	7	2013	509.5	Piscivorous			1513	1714
269	3	7	2013	509.5	1	2014	638.7	1454	1078
269	3	7	2013	509.5	2	2015	264.3	1430	815
269	3	7	2013	509.5	3	2016	197.8	1412	618
269	3	7	2013	509.5	4	2017	138.7	1399	480
269	3	7	2013	509.5	5	2018	76.6	1392	404
269	3	7	2013	509.5	6	2019	40.1	1388	364
269	3	7	2013	509.5	7	2020	30.1	1385	334
269	3	7	2013	509.5	edge		29.5	1383	304
27	3	2	2018	937.3	Piscivorous			1750	1680
27	3	2	2018	937.3	1	2019	1240.0	1701	441
27	3	2	2018	937.3	2	2020	213.1	1692	228
27	3	2	2018	937.3	edge		135.1	1687	93
270	2	3	2017	380.9	Piscivorous			1636	1866
270	2	3	2017	380.9	1	2018	937.7	1566	931
270	2	3	2017	380.9	2	2019	554.0	1525	378
270	2	3	2017	380.9	3	2020	246.7	1507	132
270	2	3	2017	380.9	edge		64.6	1502	68
271	3	9	2011	331.5	Piscivorous			1726	1552
271	3	9	2011	331.5	1	2012	636.8	1787	918
271	3	9	2011	331.5	2	2013	208.0	1806	711
271	3	9	2011	331.5	3	2014	75.3	1814	636
271	3	9	2011	331.5	4	2015	74.7	1821	562
271	3	9	2011	331.5	5	2016	88.9	1829	473
271	3	9	2011	331.5	6	2017	116.8	1840	357
271	3	9	2011	331.5	7	2018	30.4	1843	327
271	3	9	2011	331.5	8	2019	48.4	1848	279
271	3	9	2011	331.5	9	2020	36.5	1851	242
271	3	9	2011	331.5	edge		28.3	1854	214
272	2	5	2015	459.3	Piscivorous			1542	1908
272	2	5	2015	459.3	1	2016	867.3	1639	1046
272	2	5	2015	459.3	2	2017	0.0	1639	1046
272	2	5	2015	459.3	3	2018	260.7	1668	787
272	2	5	2015	459.3	4	2019	188.9	1689	599
272	2	5	2015	459.3	5	2020	129.9	1704	470
272	2	5	2015	459.3	edge		111.0	1716	360
273	2	1	2019	538.6	Piscivorous			2013	1794
273	2	1	2019	538.6	1	2020	1217.7	1834	589
273	2	1	2019	538.6	edge		555.5	1753	40
274	3	4	2016	379.4	Piscivorous			1583	1890
274	3	4	2016	379.4	1	2017	1119.2	1767	786
274	3	4	2016	379.4	2	2018	207.1	1801	582
274	3	4	2016	379.4	3	2019	147.0	1825	437
274	3	4	2016	379.4	4	2020	142.4	1849	296
274	3	4	2016	379.4	edge		44.9	1856	252
275	2	2	2018	501.2	Piscivorous			1686	1752
275	2	2	2018	501.2	1	2019	699.0	1695	1053
275	2	2	2018	501.2	2	2020	540.1	1702	513
275	2	2	2018	501.2	edge		393.0	1707	120
276	1	4	2016	561.0	Piscivorous			1937	1734
276	1	4	2016	561.0	1	2017	951.4	1909	783
276	1	4	2016	561.0	2	2018	309.3	1900	474
276	1	4	2016	561.0	3	2019	198.2	1894	276
276	1	4	2016	561.0	4	2020	110.9	1891	165
276	1	4	2016	561.0	edge		51.0	1889	114
277	2	2	2018	729.2	Piscivorous			1773	1841
277	2	2	2018	729.2	1	2019	1058.0	1770	783
277	2	2	2018	729.2	2	2020	312.0	1769	471
277	2	2	2018	729.2	edge		330.0	1768	141
278	2	10	2010	377.5	Piscivorous			1824	1903
278	2	10	2010	377.5	1	2011	477.8	1673	1450
278	2	10	2010	377.5	2	2012	294.4	1581	1170
278	2	10	2010	377.5	3	2013	216.3	1513	965
278	2	10	2010	377.5	4	2014	179.3	1456	795
278	2	10	2010	377.5	5	2015	138.5	1412	663
278	2	10	2010	377.5	6	2016	145.1	1367	525
278	2	10	2010	377.5	7	2017	81.6	1341	448
278	2	10	2010	377.5	8	2018	123.6	1302	331
278	2	10	2010	377.5	9	2019	73.4	1279	261
278	2	10	2010	377.5	10	2020	53.8	1262	210
278	2	10	2010	377.5	edge		25.3	1254	186
279	1	2	2018	834.9	Piscivorous			1767	1764
279	1	2	2018	834.9	1	2019	1202.9	1976	579
279	1	2	2018	834.9	2	2020	197.8	2010	385
279	1	2	2018	834.9	edge		207.7	2046	180
28	3	8	2012	230.3	Piscivorous			1742	1752
28	3	8	2012	230.3	1	2013	333.4	1701	1421
28	3	8	2012	230.3	2	2014	292.5	1665	1131
28	3	8	2012	230.3	3	2015	275.6	1631	857
28	3	8	2012	230.3	4	2016	248.1	1601	611
28	3	8	2012	230.3	5	2017	130.7	1585	481
28	3	8	2012	230.3	6	2018	80.1	1575	402
28	3	8	2012	230.3	7	2019	58.3	1568	344
28	3	8	2012	230.3	8	2020	30.8	1564	314
28	3	8	2012	230.3	edge		47.9	1558	266
280	3	5	2015	400.6	Piscivorous			1863	2039
280	3	5	2015	400.6	1	2016	950.3	1824	1090
280	3	5	2015	400.6	2	2017	527.5	1803	562
280	3	5	2015	400.6	3	2018	161.3	1796	401
280	3	5	2015	400.6	4	2019	161.4	1790	240
280	3	5	2015	400.6	5	2020	128.9	1784	111
280	3	5	2015	400.6	edge		82.6	1781	29
281	3	7	2013	547.5	Piscivorous			1609	1941
281	3	7	2013	547.5	1	2014	739.4	1494	1211
281	3	7	2013	547.5	2	2015	325.6	1443	889
281	3	7	2013	547.5	3	2016	292.9	1397	600
281	3	7	2013	547.5	4	2017	150.6	1373	451
281	3	7	2013	547.5	5	2018	112.3	1356	340
281	3	7	2013	547.5	6	2019	107.2	1339	234
281	3	7	2013	547.5	7	2020	93.1	1325	142
281	3	7	2013	547.5	edge		48.8	1317	94
282	1	3	2017	718.8	Piscivorous			1892	2007
282	1	3	2017	718.8	1	2018	1108.8	1958	900
282	1	3	2017	718.8	2	2019	399.2	1982	502
282	1	3	2017	718.8	3	2020	287.5	1999	215
282	1	3	2017	718.8	edge		161.1	2009	54
283	2	1	2019	873.9	Piscivorous			1808	1848
283	2	1	2019	873.9	1	2020	1327.5	1722	523
283	2	1	2019	873.9	edge		409.5	1695	115
284	3	9	2011	253.5	Piscivorous			1659	1881
284	3	9	2011	253.5	1	2012	325.8	1626	1557
284	3	9	2011	253.5	2	2013	261.1	1599	1297
284	3	9	2011	253.5	3	2014	231.9	1575	1067
284	3	9	2011	253.5	4	2015	209.1	1554	859
284	3	9	2011	253.5	5	2016	93.4	1544	766
284	3	9	2011	253.5	6	2017	66.3	1538	700
284	3	9	2011	253.5	7	2018	54.1	1532	646
284	3	9	2011	253.5	8	2019	46.0	1527	600
284	3	9	2011	253.5	9	2020	28.3	1524	572
284	3	9	2011	253.5	edge		34.2	1521	538
285	3	3	2017	426.6	Piscivorous			1670	1943
285	3	3	2017	426.6	1	2018	1265.8	1753	680
285	3	3	2017	426.6	2	2019	226.2	1768	454
285	3	3	2017	426.6	3	2020	170.8	1779	284
285	3	3	2017	426.6	edge		166.2	1790	118
286	3	5	2015	325.6	Piscivorous			1610	1872
286	3	5	2015	325.6	1	2016	966.4	1674	908
286	3	5	2015	325.6	2	2017	236.3	1690	672
286	3	5	2015	325.6	3	2018	210.7	1704	462
286	3	5	2015	325.6	4	2019	189.0	1716	273
286	3	5	2015	325.6	5	2020	187.0	1729	87
286	3	5	2015	325.6	edge		50.7	1732	36
287	2	2	2018	948.4	Piscivorous			1559	1936
287	2	2	2018	948.4	1	2019	1180.2	1585	756
287	2	2	2018	948.4	2	2020	558.2	1597	198
287	2	2	2018	948.4	edge		159.1	1601	39
288	2	3	2017	665.9	Piscivorous			1699	1861
288	2	3	2017	665.9	1	2018	1091.9	1764	771
288	2	3	2017	665.9	2	2019	409.1	1789	363
288	2	3	2017	665.9	3	2020	168.0	1799	195
288	2	3	2017	665.9	edge		41.1	1801	154
289	2	3	2017	457.5	Piscivorous			1668	1662
289	2	3	2017	457.5	1	2018	708.0	1796	966
289	2	3	2017	457.5	2	2019	529.1	1892	445
289	2	3	2017	457.5	3	2020	182.8	1925	266
289	2	3	2017	457.5	edge		158.1	1954	110
29	2	2	2018	1096.9	Piscivorous			1642	1902
29	2	2	2018	1096.9	1	2019	1246.3	1705	657
29	2	2	2018	1096.9	2	2020	401.8	1726	256
29	2	2	2018	1096.9	edge		67.1	1729	189
290	2	2	2018	596.3	Piscivorous			1845	1753
290	2	2	2018	596.3	1	2019	1090.4	1881	663
290	2	2	2018	596.3	2	2020	336.2	1892	327
290	2	2	2018	596.3	edge		211.3	1899	116
291	2	4	2016	764.2	Piscivorous			1842	1794
291	2	4	2016	764.2	1	2017	832.3	1777	964
291	2	4	2016	764.2	2	2018	588.6	1731	377
291	2	4	2016	764.2	3	2019	71.2	1725	307
291	2	4	2016	764.2	4	2020	59.1	1720	248
291	2	4	2016	764.2	edge		55.8	1716	192
292	2	1	2019	676.6	Piscivorous			1486	1775
292	2	1	2019	676.6	1	2020	1036.1	1649	752
292	2	1	2019	676.6	edge		425.2	1716	332
3	3	3	2017	749.7	Piscivorous			1713	1950
3	3	3	2017	749.7	1	2018	1019.5	1559	942
3	3	3	2017	749.7	2	2019	706.8	1452	243
3	3	3	2017	749.7	3	2020	143.0	1431	102
3	3	3	2017	749.7	edge		57.7	1422	45
30	3	4	2016	628.1	Piscivorous			1709	2024
30	3	4	2016	628.1	1	2017	929.0	1755	1096
30	3	4	2016	628.1	2	2018	0.0	1755	1096
30	3	4	2016	628.1	3	2019	730.1	1791	367
30	3	4	2016	628.1	4	2020	99.9	1796	267
30	3	4	2016	628.1	edge		233.4	1807	34
31	3	7	2013	378.8	Piscivorous			1773	1825
31	3	7	2013	378.8	1	2014	564.3	1723	1263
31	3	7	2013	378.8	2	2015	426.0	1685	839
31	3	7	2013	378.8	3	2016	178.2	1669	661
31	3	7	2013	378.8	4	2017	111.1	1660	550
31	3	7	2013	378.8	5	2018	81.1	1652	470
31	3	7	2013	378.8	6	2019	91.6	1644	378
31	3	7	2013	378.8	7	2020	122.8	1634	256
31	3	7	2013	378.8	edge		25.2	1631	231
32	3	2	2018	331.3	Piscivorous			1895	1934
32	3	2	2018	331.3	1	2019	1266.3	1895	668
32	3	2	2018	331.3	2	2020	464.0	1895	204
32	3	2	2018	331.3	edge		132.0	1895	72
33	3	3	2017	619.2	Piscivorous			1736	1801
33	3	3	2017	619.2	1	2018	834.3	1660	970
33	3	3	2017	619.2	2	2019	653.1	1600	320
33	3	3	2017	619.2	3	2020	112.3	1590	208
33	3	3	2017	619.2	edge		132.5	1578	76
34	3	6	2014	671.9	Piscivorous			1633	2018
34	3	6	2014	671.9	1	2015	1018.6	1667	1000
34	3	6	2014	671.9	2	2016	212.1	1674	788
34	3	6	2014	671.9	3	2017	406.4	1688	382
34	3	6	2014	671.9	4	2018	99.7	1691	282
34	3	6	2014	671.9	5	2019	80.0	1694	202
34	3	6	2014	671.9	6	2020	70.2	1696	132
34	3	6	2014	671.9	edge		32.0	1697	100
35	3	3	2017	623.6	Piscivorous			1685	1798
35	3	3	2017	623.6	1	2018	942.0	1532	868
35	3	3	2017	623.6	2	2019	419.2	1465	455
35	3	3	2017	623.6	3	2020	127.3	1444	329
35	3	3	2017	623.6	edge		68.1	1433	262
36	2	9	2011	337.3	Piscivorous			1363	1875
36	2	9	2011	337.3	1	2012	824.6	1550	1072
36	2	9	2011	337.3	2	2013	236.8	1604	841
36	2	9	2011	337.3	3	2014	153.8	1638	691
36	2	9	2011	337.3	4	2015	156.7	1674	539
36	2	9	2011	337.3	5	2016	80.0	1692	461
36	2	9	2011	337.3	6	2017	173.7	1732	292
36	2	9	2011	337.3	7	2018	107.9	1756	187
36	2	9	2011	337.3	8	2019	75.9	1773	113
36	2	9	2011	337.3	9	2020	64.1	1788	50
36	2	9	2011	337.3	edge		14.5	1791	36
37	2	8	2012	479.1	Piscivorous			1634	1648
37	2	8	2012	479.1	1	2013	618.2	1749	1041
37	2	8	2012	479.1	2	2014	146.0	1776	897
37	2	8	2012	479.1	3	2015	116.5	1797	783
37	2	8	2012	479.1	4	2016	180.0	1831	606
37	2	8	2012	479.1	5	2017	139.7	1857	469
37	2	8	2012	479.1	6	2018	89.1	1873	381
37	2	8	2012	479.1	7	2019	20.4	1877	361
37	2	8	2012	479.1	8	2020	30.2	1883	331
37	2	8	2012	479.1	edge		18.6	1886	313
38	2	10	2010	228.4	Piscivorous			1857	1659
38	2	10	2010	228.4	1	2011	547.0	1851	1112
38	2	10	2010	228.4	2	2012	239.0	1848	873
38	2	10	2010	228.4	3	2013	151.0	1846	722
38	2	10	2010	228.4	4	2014	173.0	1844	549
38	2	10	2010	228.4	5	2015	128.1	1842	421
38	2	10	2010	228.4	6	2016	45.0	1842	376
38	2	10	2010	228.4	7	2017	60.0	1841	316
38	2	10	2010	228.4	8	2018	56.0	1840	260
38	2	10	2010	228.4	9	2019	38.0	1840	222
38	2	10	2010	228.4	10	2020	56.0	1839	166
38	2	10	2010	228.4	edge		28.0	1839	138
39	3	3	2017	588.3	Piscivorous			1875	1926
39	3	3	2017	588.3	1	2018	1196.7	2113	753
39	3	3	2017	588.3	2	2019	437.7	2200	324
39	3	3	2017	588.3	3	2020	235.3	2247	94
39	3	3	2017	588.3	edge		58.8	2259	36
4	3	1	2019	901.3	Piscivorous			1620	1887
4	3	1	2019	901.3	1	2020	1401.5	1305	521
4	3	1	2019	901.3	edge		211.8	1257	315
40	2	7	2013	378.5	Piscivorous			1455	2001
40	2	7	2013	378.5	1	2014	580.2	1469	1421
40	2	7	2013	378.5	2	2015	575.1	1483	846
40	2	7	2013	378.5	3	2016	336.3	1492	510
40	2	7	2013	378.5	4	2017	233.8	1497	276
40	2	7	2013	378.5	5	2018	75.0	1499	201
40	2	7	2013	378.5	6	2019	45.0	1500	156
40	2	7	2013	378.5	7	2020	81.1	1502	75
40	2	7	2013	378.5	edge		23.1	1503	52
41	2	2	2018	522.2	Piscivorous			1636	1843
41	2	2	2018	522.2	1	2019	838.4	1612	1005
41	2	2	2018	522.2	2	2020	438.3	1600	567
41	2	2	2018	522.2	edge		499.0	1586	68
42	2	2	2018	358.2	Piscivorous			1686	1748
42	2	2	2018	358.2	1	2019	922.3	1767	829
42	2	2	2018	358.2	2	2020	204.8	1785	625
42	2	2	2018	358.2	edge		495.1	1828	132
43	1	9	2011	419.0	Piscivorous			1434	1880
43	1	9	2011	419.0	1	2012	625.0	1439	1255
43	1	9	2011	419.0	2	2013	356.9	1441	898
43	1	9	2011	419.0	3	2014	190.0	1443	708
43	1	9	2011	419.0	4	2015	126.0	1444	582
43	1	9	2011	419.0	5	2016	198.0	1445	384
43	1	9	2011	419.0	6	2017	138.0	1446	246
43	1	9	2011	419.0	7	2018	38.0	1447	208
43	1	9	2011	419.0	8	2019	82.0	1447	126
43	1	9	2011	419.0	9	2020	58.0	1448	68
43	1	9	2011	419.0	edge		52.0	1448	16
44	2	8	2012	629.3	Piscivorous			1546	1826
44	2	8	2012	629.3	1	2013	961.0	1241	915
44	2	8	2012	629.3	2	2014	231.8	1167	695
44	2	8	2012	629.3	3	2015	248.5	1088	459
44	2	8	2012	629.3	4	2016	134.7	1045	332
44	2	8	2012	629.3	5	2017	97.7	1014	239
44	2	8	2012	629.3	6	2018	72.1	991	171
44	2	8	2012	629.3	7	2019	58.8	972	115
44	2	8	2012	629.3	8	2020	47.1	957	70
44	2	8	2012	629.3	edge		36.1	946	36
45	2	6	2014	808.7	Piscivorous			1847	1786
45	2	6	2014	808.7	1	2015	899.0	1850	887
45	2	6	2014	808.7	2	2016	347.0	1851	540
45	2	6	2014	808.7	3	2017	179.0	1852	361
45	2	6	2014	808.7	4	2018	118.0	1852	243
45	2	6	2014	808.7	5	2019	63.0	1853	180
45	2	6	2014	808.7	6	2020	57.0	1853	123
45	2	6	2014	808.7	edge		35.0	1853	88
46	2	5	2015	432.0	Piscivorous			1859	1740
46	2	5	2015	432.0	1	2016	654.1	1873	1086
46	2	5	2015	432.0	2	2017	358.0	1881	728
46	2	5	2015	432.0	3	2018	314.2	1887	414
46	2	5	2015	432.0	4	2019	212.7	1892	201
46	2	5	2015	432.0	5	2020	111.1	1894	90
46	2	5	2015	432.0	edge		42.2	1895	48
47	2	7	2013	467.9	Piscivorous			1724	1739
47	2	7	2013	467.9	1	2014	755.2	1742	984
47	2	7	2013	467.9	2	2015	262.0	1748	722
47	2	7	2013	467.9	3	2016	202.2	1752	520
47	2	7	2013	467.9	4	2017	138.1	1756	382
47	2	7	2013	467.9	5	2018	85.7	1758	296
47	2	7	2013	467.9	6	2019	74.3	1759	222
47	2	7	2013	467.9	7	2020	113.9	1762	108
47	2	7	2013	467.9	edge		90.1	1764	18
48	2	8	2012	527.4	Piscivorous			1439	1941
48	2	8	2012	527.4	1	2013	713.8	1330	1236
48	2	8	2012	527.4	2	2014	168.3	1304	1069
48	2	8	2012	527.4	3	2015	174.3	1277	897
48	2	8	2012	527.4	4	2016	257.8	1238	642
48	2	8	2012	527.4	5	2017	170.3	1211	474
48	2	8	2012	527.4	6	2018	111.5	1194	364
48	2	8	2012	527.4	7	2019	90.8	1180	274
48	2	8	2012	527.4	8	2020	93.4	1166	182
48	2	8	2012	527.4	edge		46.4	1159	136
49	1	3	2017	590.3	Piscivorous			1892	1812
49	1	3	2017	590.3	1	2018	1147.9	2049	675
49	1	3	2017	590.3	2	2019	305.5	2091	372
49	1	3	2017	590.3	3	2020	221.5	2121	153
49	1	3	2017	590.3	edge		140.2	2140	14
5	2	2	2018	590.5	Piscivorous			1847	1871
5	2	2	2018	590.5	1	2019	977.8	1690	906
5	2	2	2018	590.5	2	2020	566.2	1599	347
5	2	2	2018	590.5	edge		126.6	1579	222
50	3	6	2014	702.0	Piscivorous			1576	1945
50	3	6	2014	702.0	1	2015	855.3	1699	1099
50	3	6	2014	702.0	2	2016	373.9	1753	729
50	3	6	2014	702.0	3	2017	192.2	1780	538
50	3	6	2014	702.0	4	2018	123.6	1798	416
50	3	6	2014	702.0	5	2019	130.9	1817	286
50	3	6	2014	702.0	6	2020	184.4	1843	104
50	3	6	2014	702.0	edge		32.2	1848	72
51	2	4	2016	706.1	Piscivorous			1668	1859
51	2	4	2016	706.1	1	2017	924.4	1641	935
51	2	4	2016	706.1	2	2018	306.2	1632	629
51	2	4	2016	706.1	3	2019	164.0	1628	465
51	2	4	2016	706.1	4	2020	244.1	1621	221
51	2	4	2016	706.1	edge		21.0	1620	200
52	2	2	2018	921.1	Piscivorous			1378	1906
52	2	2	2018	921.1	1	2019	1069.5	1468	840
52	2	2	2018	921.1	2	2020	576.3	1516	266
52	2	2	2018	921.1	edge		168.6	1530	98
53	2	1	2019	244.6	Piscivorous			1665	1758
53	2	1	2019	244.6	1	2020	1241.3	1756	520
53	2	1	2019	244.6	edge		423.2	1787	98
54	2	2	2018	606.6	Piscivorous			2088	1787
54	2	2	2018	606.6	1	2019	1015.6	1984	777
54	2	2	2018	606.6	2	2020	599.4	1922	181
54	2	2	2018	606.6	edge		97.0	1912	84
55	3	2	2018	758.6	Piscivorous			1951	1867
55	3	2	2018	758.6	1	2019	1326.1	1804	549
55	3	2	2018	758.6	2	2020	203.4	1782	347
55	3	2	2018	758.6	edge		169.0	1763	179
56	2	5	2015	596.1	Piscivorous			1879	1747
56	2	5	2015	596.1	1	2016	861.8	1937	887
56	2	5	2015	596.1	2	2017	214.7	1951	673
56	2	5	2015	596.1	3	2018	216.8	1966	457
56	2	5	2015	596.1	4	2019	149.9	1976	307
56	2	5	2015	596.1	5	2020	97.3	1982	210
56	2	5	2015	596.1	edge		44.0	1985	166
57	2	3	2017	618.9	Piscivorous			1575	1856
57	2	3	2017	618.9	1	2018	897.7	1644	961
57	2	3	2017	618.9	2	2019	628.5	1692	334
57	2	3	2017	618.9	3	2020	152.9	1704	182
57	2	3	2017	618.9	edge		118.1	1713	64
58	3	5	2015	314.0	Piscivorous			1591	1990
58	3	5	2015	314.0	1	2016	1244.3	1567	746
58	3	5	2015	314.0	2	2017	354.0	1560	392
58	3	5	2015	314.0	3	2018	146.2	1557	246
58	3	5	2015	314.0	4	2019	95.9	1555	150
58	3	5	2015	314.0	5	2020	46.0	1554	104
58	3	5	2015	314.0	edge		46.0	1553	58
59	3	4	2016	596.0	Piscivorous			1775	1910
59	3	4	2016	596.0	1	2017	1130.0	1775	780
59	3	4	2016	596.0	2	2018	388.0	1775	392
59	3	4	2016	596.0	3	2019	0.0	1775	392
59	3	4	2016	596.0	4	2020	155.0	1775	237
59	3	4	2016	596.0	edge		53.0	1775	184
6	1	4	2016	383.5	Piscivorous			1669	1770
6	1	4	2016	383.5	1	2017	1117.9	1802	660
6	1	4	2016	383.5	2	2018	219.9	1828	442
6	1	4	2016	383.5	3	2019	116.3	1842	326
6	1	4	2016	383.5	4	2020	90.3	1852	236
6	1	4	2016	383.5	edge		38.7	1857	198
60	2	7	2013	538.8	Piscivorous			1605	1717
60	2	7	2013	538.8	1	2014	835.0	1604	882
60	2	7	2013	538.8	2	2015	153.0	1604	729
60	2	7	2013	538.8	3	2016	172.0	1604	557
60	2	7	2013	538.8	4	2017	201.0	1603	356
60	2	7	2013	538.8	5	2018	77.0	1603	279
60	2	7	2013	538.8	6	2019	68.0	1603	211
60	2	7	2013	538.8	7	2020	38.0	1603	173
60	2	7	2013	538.8	edge		35.0	1603	138
61	2	1	2019	808.2	Piscivorous			1560	1949
61	2	1	2019	808.2	1	2020	1549.0	1567	400
61	2	1	2019	808.2	edge		270.0	1568	130
62	2	5	2015	598.6	Piscivorous			1879	1920
62	2	5	2015	598.6	1	2016	1191.2	2056	742
62	2	5	2015	598.6	2	2017	328.4	2105	417
62	2	5	2015	598.6	3	2018	110.8	2121	308
62	2	5	2015	598.6	4	2019	113.6	2138	195
62	2	5	2015	598.6	5	2020	100.1	2153	96
62	2	5	2015	598.6	edge		26.6	2157	70
63	2	2	2018	702.0	Piscivorous			1910	1771
63	2	2	2018	702.0	1	2019	988.0	1642	820
63	2	2	2018	702.0	2	2020	446.4	1521	390
63	2	2	2018	702.0	edge		164.6	1476	232
64	3	3	2017	740.8	Piscivorous			1518	1918
64	3	3	2017	740.8	1	2018	979.5	1550	939
64	3	3	2017	740.8	2	2019	647.5	1572	292
64	3	3	2017	740.8	3	2020	130.1	1576	162
64	3	3	2017	740.8	edge		66.0	1578	96
65	2	8	2012	368.4	Piscivorous			1683	1675
65	2	8	2012	368.4	1	2013	503.1	1628	1175
65	2	8	2012	368.4	2	2014	189.3	1607	987
65	2	8	2012	368.4	3	2015	126.8	1593	861
65	2	8	2012	368.4	4	2016	108.8	1581	753
65	2	8	2012	368.4	5	2017	153.3	1564	600
65	2	8	2012	368.4	6	2018	116.8	1552	484
65	2	8	2012	368.4	7	2019	76.6	1543	408
65	2	8	2012	368.4	8	2020	48.4	1538	360
65	2	8	2012	368.4	edge		98.5	1527	262
66	2	1	2019	680.0	Piscivorous			1726	1737
66	2	1	2019	680.0	1	2020	879.2	1713	858
66	2	1	2019	680.0	edge		780.0	1702	78
67	2	9	2011	286.8	Piscivorous			1841	1813
67	2	9	2011	286.8	1	2012	473.8	1680	1367
67	2	9	2011	286.8	2	2013	244.3	1597	1138
67	2	9	2011	286.8	3	2014	156.2	1543	991
67	2	9	2011	286.8	4	2015	138.6	1496	861
67	2	9	2011	286.8	5	2016	209.2	1425	664
67	2	9	2011	286.8	6	2017	145.1	1376	527
67	2	9	2011	286.8	7	2018	103.5	1340	430
67	2	9	2011	286.8	8	2019	99.4	1307	337
67	2	9	2011	286.8	9	2020	56.1	1287	284
67	2	9	2011	286.8	edge		30.7	1277	255
68	2	5	2015	560.4	Piscivorous			1739	1774
68	2	5	2015	560.4	1	2016	947.1	1620	834
68	2	5	2015	560.4	2	2017	270.4	1586	566
68	2	5	2015	560.4	3	2018	138.7	1569	429
68	2	5	2015	560.4	4	2019	117.3	1554	312
68	2	5	2015	560.4	5	2020	58.8	1547	254
68	2	5	2015	560.4	edge		46.1	1541	208
69	2	3	2017	764.9	Piscivorous			1602	1859
69	2	3	2017	764.9	1	2018	978.1	1591	881
69	2	3	2017	764.9	2	2019	441.0	1586	440
69	2	3	2017	764.9	3	2020	150.0	1585	290
69	2	3	2017	764.9	edge		57.0	1584	233
7	2	6	2014	584.1	Piscivorous			1566	1899
7	2	6	2014	584.1	1	2015	718.8	1514	1182
7	2	6	2014	584.1	2	2016	319.6	1491	863
7	2	6	2014	584.1	3	2017	294.3	1470	570
7	2	6	2014	584.1	4	2018	198.1	1456	372
7	2	6	2014	584.1	5	2019	153.9	1444	219
7	2	6	2014	584.1	6	2020	62.4	1440	156
7	2	6	2014	584.1	edge		54.6	1436	102
70	2	3	2017	462.7	Piscivorous			1681	1673
70	2	3	2017	462.7	1	2018	827.0	1736	848
70	2	3	2017	462.7	2	2019	312.5	1757	536
70	2	3	2017	462.7	3	2020	122.7	1765	414
70	2	3	2017	462.7	edge		208.0	1779	206
71	3	4	2016	644.4	Piscivorous			1797	1833
71	3	4	2016	644.4	1	2017	1068.1	1815	765
71	3	4	2016	644.4	2	2018	216.0	1819	549
71	3	4	2016	644.4	3	2019	120.0	1821	429
71	3	4	2016	644.4	4	2020	198.0	1824	231
71	3	4	2016	644.4	edge		169.1	1827	62
72	3	8	2012	542.3	Piscivorous			1587	1789
72	3	8	2012	542.3	1	2013	801.4	1634	989
72	3	8	2012	542.3	2	2014	165.2	1644	824
72	3	8	2012	542.3	3	2015	121.3	1651	703
72	3	8	2012	542.3	4	2016	188.3	1663	515
72	3	8	2012	542.3	5	2017	139.2	1671	376
72	3	8	2012	542.3	6	2018	64.2	1675	312
72	3	8	2012	542.3	7	2019	106.4	1681	206
72	3	8	2012	542.3	8	2020	41.6	1683	164
72	3	8	2012	542.3	edge		62.4	1687	102
73	3	8	2012	643.2	Piscivorous			1610	1868
73	3	8	2012	643.2	1	2013	819.7	1697	1053
73	3	8	2012	643.2	2	2014	227.1	1722	827
73	3	8	2012	643.2	3	2015	230.7	1746	598
73	3	8	2012	643.2	4	2016	100.3	1757	498
73	3	8	2012	643.2	5	2017	190.2	1777	309
73	3	8	2012	643.2	6	2018	157.6	1794	152
73	3	8	2012	643.2	7	2019	53.1	1799	99
73	3	8	2012	643.2	8	2020	59.7	1806	40
73	3	8	2012	643.2	edge		20.2	1808	20
74	3	4	2016	384.1	Piscivorous			1448	1951
74	3	4	2016	384.1	1	2017	1188.4	1479	763
74	3	4	2016	384.1	2	2018	348.1	1488	415
74	3	4	2016	384.1	3	2019	176.0	1492	239
74	3	4	2016	384.1	4	2020	48.0	1493	191
74	3	4	2016	384.1	edge		27.1	1494	164
75	1	8	2012	503.9	Piscivorous			1797	1893
75	1	8	2012	503.9	1	2013	1059.3	1820	834
75	1	8	2012	503.9	2	2014	145.0	1823	689
75	1	8	2012	503.9	3	2015	115.1	1825	574
75	1	8	2012	503.9	4	2016	94.0	1827	480
75	1	8	2012	503.9	5	2017	98.9	1830	381
75	1	8	2012	503.9	6	2018	86.1	1831	295
75	1	8	2012	503.9	7	2019	60.0	1833	235
75	1	8	2012	503.9	8	2020	68.1	1834	167
75	1	8	2012	503.9	edge		40.9	1835	126
76	2	8	2012	385.0	Piscivorous			1894	1870
76	2	8	2012	385.0	1	2013	535.3	1933	1336
76	2	8	2012	385.0	2	2014	217.9	1949	1119
76	2	8	2012	385.0	3	2015	110.0	1957	1009
76	2	8	2012	385.0	4	2016	359.7	1983	650
76	2	8	2012	385.0	5	2017	120.7	1991	530
76	2	8	2012	385.0	6	2018	155.3	2003	375
76	2	8	2012	385.0	7	2019	183.5	2016	192
76	2	8	2012	385.0	8	2020	87.4	2022	105
76	2	8	2012	385.0	edge		50.9	2026	54
77	2	3	2017	931.4	Piscivorous			1755	1985
77	2	3	2017	931.4	1	2018	1243.5	1694	743
77	2	3	2017	931.4	2	2019	533.4	1668	210
77	2	3	2017	931.4	3	2020	111.5	1663	99
77	2	3	2017	931.4	edge		75.0	1659	24
78	2	2	2018	695.4	Piscivorous			1581	1880
78	2	2	2018	695.4	1	2019	880.3	1561	1000
78	2	2	2018	695.4	2	2020	588.1	1548	412
78	2	2	2018	695.4	edge		222.1	1543	190
79	2	5	2015	515.0	Piscivorous			1757	1892
79	2	5	2015	515.0	1	2016	641.1	1746	1251
79	2	5	2015	515.0	2	2017	469.0	1738	782
79	2	5	2015	515.0	3	2018	200.1	1734	582
79	2	5	2015	515.0	4	2019	180.0	1731	402
79	2	5	2015	515.0	5	2020	126.0	1729	276
79	2	5	2015	515.0	edge		110.1	1727	166
8	2	5	2015	551.4	Piscivorous			1801	1859
8	2	5	2015	551.4	1	2016	1019.0	1844	841
8	2	5	2015	551.4	2	2017	290.2	1857	551
8	2	5	2015	551.4	3	2018	246.3	1867	305
8	2	5	2015	551.4	4	2019	136.1	1873	169
8	2	5	2015	551.4	5	2020	66.2	1876	103
8	2	5	2015	551.4	edge		30.8	1877	72
80	0	3	2017	612.1	Piscivorous			1737	1906
80	0	3	2017	612.1	1	2018	1188.6	1602	725
80	0	3	2017	612.1	2	2019	321.7	1566	405
80	0	3	2017	612.1	3	2020	238.9	1539	168
80	0	3	2017	612.1	edge		137.1	1523	32
81	2	8	2012	613.2	Piscivorous			1656	1678
81	2	8	2012	613.2	1	2013	1055.1	1703	624
81	2	8	2012	613.2	2	2014	147.3	1710	477
81	2	8	2012	613.2	3	2015	101.9	1714	375
81	2	8	2012	613.2	4	2016	56.9	1717	318
81	2	8	2012	613.2	5	2017	46.2	1719	272
81	2	8	2012	613.2	6	2018	56.1	1721	216
81	2	8	2012	613.2	7	2019	45.6	1723	170
81	2	8	2012	613.2	8	2020	46.4	1725	124
81	2	8	2012	613.2	edge		14.0	1726	110
82	2	2	2018	669.8	Piscivorous			1902	1818
82	2	2	2018	669.8	1	2019	1005.0	1947	814
82	2	2	2018	669.8	2	2020	300.2	1961	514
82	2	2	2018	669.8	edge		288.4	1974	226
83	2	5	2015	368.3	Piscivorous			1684	1908
83	2	5	2015	368.3	1	2016	1044.0	1678	864
83	2	5	2015	368.3	2	2017	351.0	1676	513
83	2	5	2015	368.3	3	2018	123.0	1676	390
83	2	5	2015	368.3	4	2019	135.0	1675	255
83	2	5	2015	368.3	5	2020	135.0	1674	120
83	2	5	2015	368.3	edge		58.0	1674	62
84	3	2	2018	661.4	Piscivorous			1639	1852
84	3	2	2018	661.4	1	2019	1054.3	1614	798
84	3	2	2018	661.4	2	2020	506.1	1602	292
84	3	2	2018	661.4	edge		122.1	1599	170
85	2	9	2011	640.4	Piscivorous			2052	1897
85	2	9	2011	640.4	1	2012	819.0	2055	1078
85	2	9	2011	640.4	2	2013	248.0	2055	830
85	2	9	2011	640.4	3	2014	218.0	2056	612
85	2	9	2011	640.4	4	2015	126.0	2057	486
85	2	9	2011	640.4	5	2016	191.0	2057	295
85	2	9	2011	640.4	6	2017	0.0	2057	295
85	2	9	2011	640.4	7	2018	104.0	2057	191
85	2	9	2011	640.4	8	2019	76.0	2058	115
85	2	9	2011	640.4	9	2020	39.0	2058	76
85	2	9	2011	640.4	edge		42.0	2058	34
86	2	0	2020	1148.2	Piscivorous			1682	1860
86	2	0	2020	1148.2	edge		1788.7	1496	81
87	3	3	2017	625.8	Piscivorous			1377	1968
87	3	3	2017	625.8	1	2018	1178.8	1453	792
87	3	3	2017	625.8	2	2019	450.6	1482	342
87	3	3	2017	625.8	3	2020	228.5	1496	114
87	3	3	2017	625.8	edge		57.1	1500	57
88	3	11	2009	447.8	Piscivorous			1808	1719
88	3	11	2009	447.8	1	2010	658.1	1818	1061
88	3	11	2009	447.8	2	2011	185.9	1821	875
88	3	11	2009	447.8	3	2012	111.1	1823	764
88	3	11	2009	447.8	4	2013	101.9	1824	662
88	3	11	2009	447.8	5	2014	156.1	1827	506
88	3	11	2009	447.8	6	2015	72.1	1828	434
88	3	11	2009	447.8	7	2016	57.9	1829	376
88	3	11	2009	447.8	8	2017	64.0	1830	312
88	3	11	2009	447.8	9	2018	47.9	1830	264
88	3	11	2009	447.8	10	2019	44.1	1831	220
88	3	11	2009	447.8	11	2020	39.9	1832	180
88	3	11	2009	447.8	edge		28.1	1832	152
89	2	4	2016	381.0	Piscivorous			1607	1884
89	2	4	2016	381.0	1	2017	957.8	1648	927
89	2	4	2016	381.0	2	2018	0.0	1648	927
89	2	4	2016	381.0	3	2019	297.3	1660	630
89	2	4	2016	381.0	4	2020	326.3	1674	304
89	2	4	2016	381.0	edge		208.2	1683	96
9	1	9	2011	368.8	Piscivorous			1666	1813
9	1	9	2011	368.8	1	2012	602.5	1505	1232
9	1	9	2011	368.8	2	2013	174.7	1459	1064
9	1	9	2011	368.8	3	2014	107.9	1430	960
9	1	9	2011	368.8	4	2015	108.7	1401	855
9	1	9	2011	368.8	5	2016	119.8	1369	740
9	1	9	2011	368.8	6	2017	151.3	1328	594
9	1	9	2011	368.8	7	2018	129.1	1294	470
9	1	9	2011	368.8	8	2019	64.2	1277	408
9	1	9	2011	368.8	9	2020	36.3	1267	373
9	1	9	2011	368.8	edge		49.5	1254	325
90	1	10	2010	379.3	Piscivorous			1670	2000
90	1	10	2010	379.3	1	2011	692.1	1723	1310
90	1	10	2010	379.3	2	2012	187.5	1738	1123
90	1	10	2010	379.3	3	2013	199.7	1753	924
90	1	10	2010	379.3	4	2014	243.5	1772	681
90	1	10	2010	379.3	5	2015	132.5	1782	549
90	1	10	2010	379.3	6	2016	83.8	1788	465
90	1	10	2010	379.3	7	2017	169.6	1801	296
90	1	10	2010	379.3	8	2018	140.1	1812	157
90	1	10	2010	379.3	9	2019	63.7	1817	93
90	1	10	2010	379.3	10	2020	29.1	1819	64
90	1	10	2010	379.3	edge		38.1	1822	26
91	2	4	2016	907.8	Piscivorous			1648	2034
91	2	4	2016	907.8	1	2017	1207.3	1714	829
91	2	4	2016	907.8	2	2018	303.5	1731	525
91	2	4	2016	907.8	3	2019	192.7	1741	333
91	2	4	2016	907.8	4	2020	152.9	1750	180
91	2	4	2016	907.8	edge		60.4	1753	120
92	2	1	2019	923.4	Piscivorous			1659	1845
92	2	1	2019	923.4	1	2020	1093.5	1504	763
92	2	1	2019	923.4	edge		541.1	1427	227
93	2	2	2018	545.8	Piscivorous			1781	1890
93	2	2	2018	545.8	1	2019	790.9	1745	1100
93	2	2	2018	545.8	2	2020	645.0	1716	456
93	2	2	2018	545.8	edge		203.8	1707	252
94	2	2	2018	861.1	Piscivorous			1590	1810
94	2	2	2018	861.1	1	2019	1329.1	1949	530
94	2	2	2018	861.1	2	2020	201.9	2003	336
94	2	2	2018	861.1	edge		224.2	2064	120
95	2	1	2019	797.7	Piscivorous			1731	1912
95	2	1	2019	797.7	1	2020	1497.3	1616	419
95	2	1	2019	797.7	edge		268.9	1595	151
96	2	2	2018	781.1	Piscivorous			1769	1910
96	2	2	2018	781.1	1	2019	979.6	1854	934
96	2	2	2018	781.1	2	2020	680.5	1914	256
96	2	2	2018	781.1	edge		176.9	1929	80
97	3	7	2013	596.9	Piscivorous			1732	1731
97	3	7	2013	596.9	1	2014	882.5	1802	851
97	3	7	2013	596.9	2	2015	314.7	1826	538
97	3	7	2013	596.9	3	2016	120.3	1836	418
97	3	7	2013	596.9	4	2017	85.8	1843	332
97	3	7	2013	596.9	5	2018	32.1	1845	300
97	3	7	2013	596.9	6	2019	62.3	1850	238
97	3	7	2013	596.9	7	2020	42.5	1853	196
97	3	7	2013	596.9	edge		33.8	1856	162
98	3	2	2018	605.7	Piscivorous			1409	1847
98	3	2	2018	605.7	1	2019	920.0	1495	931
98	3	2	2018	605.7	2	2020	623.3	1553	310
98	3	2	2018	605.7	edge		213.3	1573	98
99	1	7	2013	614.3	Piscivorous			1797	1630
99	1	7	2013	614.3	1	2014	838.4	1747	793
99	1	7	2013	614.3	2	2015	318.0	1728	476
99	1	7	2013	614.3	3	2016	144.9	1719	331
99	1	7	2013	614.3	4	2017	86.1	1714	245
99	1	7	2013	614.3	5	2018	55.9	1710	189
99	1	7	2013	614.3	6	2019	54.6	1707	135
99	1	7	2013	614.3	7	2020	48.9	1704	86
99	1	7	2013	614.3	edge		18.0	1703	68
