n	ID	Age	R1	R2	R3	R4	R5	R6	R7	R8	R9	R10	R11	R12	R13	R14	R15	Rscale	Piscivory
1	1.tif	7	1036.8223	244.6160	229.7520	172.7542	105.0973	91.3041	54.7814									1995.8424	668.7929
2	10.tif	4	844.0290	555.1441	110.5486	64.1249												1632.5149	328.8678
3	100.tif	3	951.5635	336.2596	501.7553													1874.0208	740.6602
4	101.tif	4	986.1688	253.1798	393.2429	151.4629												1906.5569	482.2747
5	102.tif	10	482.6759	240.0667	316.6386	160.1250	123.9677	0.0000	202.2375	118.0678	85.1587	48.6621						1799.5222	371.5535
6	103.tif	2	877.0975	561.4446														1666.4643	747.5533
7	104.tif	5	863.6363	157.8231	202.8694	119.8541	147.9595											1533.9890	589.7135
8	105.tif	6	686.4925	392.1543	128.3900	221.0814	0.0000	154.1168										1677.4188	541.2994
9	106.tif	4	681.1755	536.8389	168.2974	233.4821												1661.7528	222.7285
10	107.tif	3	905.3205	838.2990	83.0017													2051.0301	560.1215
11	108.tif	3	763.2169	638.6392	182.8879													1619.6845	435.4905
12	109.tif	8	510.4903	396.0332	241.3828	258.9892	152.3385	111.7282	0.0000	83.7745								1828.4824	350.6178
13	11.tif	5	672.4284	274.0292	290.2482	110.0727	142.0141											1531.7315	342.4734
14	110.tif	2	1138.2267	549.1020														1863.0566	870.9811
15	111.tif	1	1073.1193															1586.1021	752.1303
16	112.tif	3	800.2025	232.0776	310.1032													1565.1120	293.0273
17	113.tif	9	680.0265	160.6791	229.6706	313.6695	188.1846	142.0141	46.0435	70.0000	60.0148							1950.1241	410.0049
18	114.tif	6	634.7094	314.6363	310.3160	84.2140	118.1524	86.0930										1591.1489	344.3719
19	115.tif	4	882.2762	278.3618	300.8538	208.1730												1822.7838	563.0135
20	116.tif	5	643.0086	540.3379	315.9130	204.7926	138.2317											1950.6256	391.6218
21	117.tif	1	1372.7144															1559.5841	
22	118.tif	3	692.3722	411.0265	228.7017													1496.0966	
23	119.tif	3	1223.2404	240.2998	190.3786													1709.1065	464.9688
24	12.tif	2	1124.4836	402.2575														1576.6350	755.5121
25	120.tif	2	993.6297	389.7589														1518.8680	390.3332
26	121.tif	3	784.4743	214.9791	264.0076													1489.8943	658.5590
27	122.tif	5	1147.8436	354.3614	118.0000	142.0563	118.1524											1911.2580	430.2976
28	123.tif	2	1006.0179	575.1252														1856.1552	632.2025
29	124.tif	1	946.0190															1512.0476	
30	125.tif	5	609.0000	326.0015	305.0066	263.0019	77.0065											1623.0012	288.0017
31	126.tif	3	1156.2924	172.1046	158.0127													1590.3852	452.1106
32	127.tif	5	702.8022	220.1454	298.3287	150.1200	228.0789											1642.8244	232.1379
33	128.tif	6	894.4384	389.0090	198.6454	123.3288	113.2828	206.7003										1970.7169	745.3388
34	129.tif	5	712.0112	352.0057	168.0000	206.0000	154.1168											1677.0048	499.0010
35	13.tif	6	912.3426	352.1420	154.0130	142.3517	62.0322	60.0000										1737.7485	444.1362
36	130.tif	3	1191.9413	379.1886	170.1058													1822.0280	388.8702
37	131.tif	1	686.1049															1593.2639	454.0705
38	132.tif	4	1110.0883	537.3788	237.7562	95.0368												2048.3632	451.6680
39	133.tif	4	806.7867	317.2059	166.8746	288.8457												1671.9733	442.7767
40	134.tif	1	1185.6486															1732.0945	717.7820
41	135.tif	3	928.9736	679.3122	139.0028													1794.2544	573.8380
42	136.tif	4	1308.4682	565.3539	212.0849	76.0000												2217.8118	396.1023
43	137.tif	3	902.7017	431.4280	221.7919													1764.1053	374.5931
44	138.tif	3	911.3263	646.1717	131.8113													1742.9154	552.5376
45	139.tif	3	1224.0588	321.0062	228.0088													1868.0217	643.0498
46	14.tif	3	864.6849	849.8518	99.2975													2022.0089	361.6684
47	140.tif	3	882.6262	336.0476	224.5885													1460.3630	641.2269
48	141.tif	5	816.8623	445.6198	173.9540	119.3650	173.4013											1857.1484	418.1830
49	142.tif	8	474.3174	276.1014	185.5290	214.8325	111.1575	126.5701	155.2933	68.4690								1700.6828	366.3018
50	143.tif	6	994.0322	258.0078	244.0328	110.0727	216.0833	68.0000										1918.0587	426.0047
51	144.tif	7	938.5867	196.7435	172.6992	219.5359	113.0310	67.0522	63.9062									1838.9834	561.5301
52	145.tif	8	662.5436	339.9118	343.1443	202.9877	84.5931	44.4072	46.3897	50.0400								1817.7800	329.1930
53	146.tif	6	843.3729	342.8645	358.0897	104.2073	119.3152	81.5921										1910.0158	564.0370
54	147.tif	5	1109.6171	210.1523	359.2729	159.0503	82.2192											2005.2930	323.1873
55	148.tif	1	1087.3606															1633.0935	988.2915
56	149.tif	6	707.7457	321.0296	355.9846	117.8346	38.8330	50.6360										1632.4868	456.5085
57	15.tif	3	835.4975	387.5165	182.5377													1619.7299	598.0251
58	150.tif	5	563.0966	408.5927	202.0891	110.1635	186.0967											1527.3837	
59	151.tif	7	717.5765	220.3361	133.5066	123.0447	147.3635	69.4262	68.4690									1525.9423	399.3820
60	152.tif	3	1316.3573	298.1677	180.0444													1855.5376	509.4747
61	153.tif	3	1058.3717	662.4198	237.1687													1986.4350	
62	154.tif	4	977.0983	379.0356	198.2524	124.1451												1735.3280	493.0396
63	155.tif	4	999.8145	265.4807	118.6086	72.4431												1508.8794	395.4643
64	156.tif	3	602.3011	584.5505	416.8291													1862.9301	470.4746
65	157.tif	4	969.5937	477.2966	221.0973	90.7965												1809.7541	370.3890
66	158.tif	4	1317.7018	199.0904	180.1000	154.1168												1915.0697	431.2609
67	159.tif	2	868.3893	556.4351														1636.9242	435.3321
68	16.tif	5	619.1672	370.9124	320.3998	114.1578	138.7083											1654.0865	432.9065
69	160.tif	6	535.3401	351.2834	286.8449	136.9379	110.4536	102.3132										1581.6982	202.0940
70	161.tif	4	1046.0564	234.0769	146.1232	208.2402												1726.5865	384.3332
71	162.tif	3	1126.0551	682.1671	246.7387													2099.3656	941.9575
72	163.tif	1	1214.0103															1618.0111	236.0000
73	164.tif	6	557.5925	299.7933	298.4845	196.9873	136.0147	86.8332										1614.0624	339.3747
74	165.tif	4	754.5197	164.1097	334.2933	164.0488												1507.0040	572.5033
75	166.tif	6	589.7966	195.2434	222.5758	176.9181	84.0952	178.9078										1491.7631	429.6836
76	167.tif	2	1379.4039	208.1538														1705.2520	538.9900
77	168.tif	6	624.0064	184.3909	236.8459	310.7797	168.5823	188.8597										1788.5880	471.2282
78	169.tif	3	733.7715	563.6656	190.4644													1673.1850	652.5492
79	17.tif	1	1131.3365															1761.0000	714.6667
80	170.tif	4	1084.1050	290.2413	86.5794	90.7965												1600.5449	941.6772
81	171.tif	4	1020.6860	603.9106	72.2496	82.0244												1813.8095	589.3590
82	172.tif	7	927.2157	316.1582	220.0364	180.3996	120.0000	193.0104	66.1211									2063.2969	386.1865
83	173.tif	2	852.8775	495.6168														1475.7252	277.0415
84	174.tif	1	1412.9420															1964.9086	890.9545
85	175.tif	7	944.0048	283.0636	338.0000	139.0144	186.0000	154.0000	90.0222									2202.0327	409.0440
86	176.tif	2	1045.0809	544.0919														1707.1831	668.3813
87	177.tif	6	1051.6392	203.2462	179.6441	161.0745	87.8635	89.8443										1859.5938	299.2925
88	178.tif	1	1364.2082															1779.4297	1138.1336
89	179.tif	6	855.4475	223.7660	246.5641	170.0471	94.0213	76.0263										1731.9493	487.2628
90	18.tif	6	868.0576	0.0000	288.2568	270.4071	144.1284	109.8954										1750.5753	585.4912
91	180.tif	6	571.3493	266.9251	147.3635	227.9825	151.6047	87.1321										1522.0053	412.9528
92	181.tif	4	1083.0280	371.8887	335.5690	139.9009												2010.6792	820.1320
93	182.tif	3	856.8687	854.4308	88.5889													2017.2308	600.6164
94	183.tif	5	729.2105	192.2602	274.5906	294.4351	62.0322											1682.6277	
95	184.tif	6	525.5740	252.4837	442.7640	149.2649	134.7145	171.4526										1788.1219	388.9730
96	185.tif	6	508.1929	342.2105	222.1441	194.0928	96.3328	56.0357										1536.9489	354.2033
97	186.tif	4	921.7028	318.7601	120.2664	68.2642												1454.0416	621.2890
98	187.tif	6	715.7933	353.4798	170.3174	206.8139	155.3319	66.1211										1694.9622	517.2002
99	188.tif	2	999.3538	564.9071														1809.8765	837.0544
100	189.tif	3	926.0778	222.0811	316.0000													1604.1509	500.0000
101	19.tif	4	550.0036	622.0129	292.0000	156.0513												1670.0108	390.0000
102	190.tif	3	854.4641	310.1901	323.1139													1692.7585	427.9518
103	191.tif	3	766.7563	267.3279	639.4204													1925.2332	590.5394
104	192.tif	2	873.7323	500.6302														1783.5298	536.0342
105	193.tif	8	727.9320	184.5318	128.2498	206.6204	148.4857	96.3328	84.2140	40.0500								1664.9123	491.2484
106	194.tif	2	1160.1503	352.8776														1711.0313	581.3500
107	195.tif	3	643.1337	256.7022	493.3295													1515.8869	303.0227
108	196.tif	6	500.7524	556.4276	287.2684	228.7015	121.8803	50.8359										1793.9942	383.7436
109	197.tif	6	741.2951	322.4449	358.0268	145.0573	83.7745	71.1267										1787.2188	393.5601
110	198.tif	7	555.4944	336.8054	194.9457	167.3566	236.2419	143.9871	62.2351									1742.4881	368.1002
111	199.tif	1	1441.9396															1581.5616	652.4259
112	2.tif	3	858.2383	251.3364	378.2888													1723.9114	586.6195
113	20.tif	8	1031.6462	231.2516	240.9686	164.6194	110.8305	81.9468	50.5817	65.0700								1994.4847	651.9565
114	200.tif	3	799.2509	634.8078	123.1428													1669.5180	492.0606
115	201.tif	7	787.2554	166.0033	192.8350	231.0146	194.6976	246.0762	116.4727									1972.8557	568.0731
116	202.tif	2	1025.6316	325.0328														1693.3294	586.4436
117	203.tif	5	914.7850	292.2394	163.4407	148.6341	161.9354											1741.9906	793.4971
118	204.tif	3	1243.7203	269.5247	211.2555													1777.8513	486.3698
119	205.tif	3	1008.5521	718.9726	119.3422													1882.6601	662.9742
120	206.tif	3	1179.7603	430.4967	206.1918													1875.4766	372.1052
121	207.tif	6	723.0574	145.7885	248.4480	201.1768	112.1600	171.2959										1673.0464	525.5991
122	208.tif	6	684.2518	403.7686	273.4297	119.5042	158.8820	106.5617										1774.6584	429.2749
123	209.tif	3	962.1412	436.7610	114.2662													1573.9969	
124	21.tif	8	709.5666	171.2958	239.7218	352.1280	286.5384	162.9669	49.2911	58.6086								2062.5255	379.4795
125	210.tif	3	1069.5314	296.6171	308.6802													1863.2103	507.4832
126	211.tif	5	1137.7220	168.2400	351.8808	150.3156	89.4301											1971.5698	308.4399
127	212.tif	5	530.7906	312.5084	287.1449	304.8039	159.9332											1630.6670	383.3319
128	213.tif	4	994.5763	656.6400	166.9518	116.0292												1998.0182	401.4877
129	214.tif	5	903.5676	137.2970	293.5266	79.0649	89.4301											1542.4318	409.6632
130	215.tif	6	843.9879	388.9729	221.6175	162.8086	133.5614	144.8795										1972.4964	571.0772
131	216.tif	5	892.3609	231.3630	200.5672	160.1144	233.6774											1817.1659	373.7297
132	217.tif	5	1104.3473	337.6367	93.9633	116.8042	86.3131											1777.0808	545.8274
133	218.tif	6	956.9796	436.2074	164.8541	131.4703	122.5132	208.6772										2079.6910	775.5064
134	219.tif	3	1136.8323	221.3847	134.5709													1670.9630	595.2567
135	22.tif	1	1135.1957															1451.4549	451.4038
136	220.tif	8	462.2802	279.2946	109.1903	137.4612	101.5449	78.8609	33.0021	81.2756								1290.4293	338.5897
137	221.tif	4	980.1382	363.7412	257.4168	121.9596												1758.7742	
138	222.tif	1	1282.5494															1797.1311	828.0268
139	223.tif	2	673.0413	822.5763														1630.0800	297.0296
140	224.tif	7	1075.1926	185.3368	152.7399	110.2183	118.2300	89.2859	91.1432									1901.4941	335.5691
141	225.tif	3	1069.3507	299.7295	243.8267													1785.5250	876.0600
142	226.tif	4	1106.9237	147.5898	167.8565	199.3263												1740.8674	328.2782
143	227.tif	4	985.9695	600.2164	122.5132	110.2183												1858.6944	534.0588
144	228.tif	8	564.0370	292.2173	165.1861	165.0885	121.8539	91.5313	66.1991	60.9798								1572.6882	269.3932
145	229.tif	6	861.6369	295.1142	160.6569	318.4630	169.0997	43.8234										1883.7689	271.7748
146	23.tif	5	503.9021	556.6591	107.1046	63.4656	112.1600											1436.7659	422.1752
147	230.tif	3	855.7002	284.5070	363.2448													1698.9528	571.3930
148	231.tif	3	890.4233	303.1608	272.8163													1665.6631	683.5450
149	232.tif	3	1042.6075	337.2548	258.5160													1933.8136	884.2133
150	233.tif	7	694.1037	241.0747	154.0000	138.1304	191.0419	76.0000	60.0000									1614.9009	382.1047
151	234.tif	3	1115.2615	409.2224	152.4019													1721.7961	593.0712
152	235.tif	3	680.3554	286.8756	261.4904													1495.2506	
153	236.tif	2	1189.7772	631.6477														1903.2031	655.5940
154	237.tif	2	1129.3873	307.6868														1594.9519	686.6304
155	238.tif	9	538.2118	289.5031	299.5682	187.8580	114.2662	68.5428	48.2338	28.0400	33.0996							1629.9556	246.2987
156	239.tif	1	1633.0208															1633.0208	
157	24.tif	4	961.0354	441.5232	152.7399	106.0160												1801.4865	772.3964
158	240.tif	3	675.2926	609.6975	327.5708													1696.3487	452.0530
159	241.tif	4	708.7304	421.6864	233.5532	216.0217												1711.7845	264.2119
160	242.tif	1	1203.7594															1587.2256	221.2246
161	243.tif	1	1561.4198															1558.9641	
162	244.tif	4	1089.9237	396.0982	215.7978	96.6012												1844.1321	391.6148
163	245.tif	3	769.7093	562.6012	127.4884													1473.6827	643.2690
164	246.tif	8	510.3199	360.5201	241.3828	236.2147	185.3889	86.3505	86.3505	79.0649								1802.8793	304.7298
165	247.tif	2	1046.8023	401.4958														1595.8385	414.2935
166	248.tif	2	1145.9341	305.0152														1595.8385	942.7043
167	249.tif	6	992.2603	185.9443	127.0326	117.2173	63.4656	56.0800										1610.3151	327.9640
168	25.tif	4	1056.7286	219.7925	187.4115	264.7967												1810.8634	629.4401
169	250.tif	4	980.1745	355.8511	289.4029	137.1091												1835.9925	
170	251.tif	2	1219.6223	427.9668														1923.1114	606.3216
171	252.tif	2	856.8743	742.1292														1820.0788	661.1393
172	253.tif	10	610.8803	340.0711	137.6720	166.2555	128.1690	61.1381	53.3715	72.2058	58.3883	61.7673						1738.1684	446.6028
173	254.tif	5	559.9719	539.9154	338.7896	88.9967	114.6884											1795.7750	415.3189
174	255.tif	7	610.2892	387.4207	299.9122	145.9431	68.3545	78.8200	90.6114									1722.9223	457.5511
175	256.tif	2	970.6206	631.4232														1817.5630	776.1129
176	257.tif	4	842.8264	583.9052	76.1587	53.3111												1584.1084	665.1237
177	258.tif	1	1389.6841															1783.1124	1116.6850
178	259.tif	6	762.6098	440.8293	198.8083	145.7885	53.3715	63.9209										1724.9429	455.0087
179	26.tif	3	1028.9471	513.7873	166.5847													1760.6401	382.3555
180	260.tif	3	706.2892	478.4006	284.5070													1657.3004	406.9721
181	261.tif	1	1208.5681															1681.8118	577.5129
182	262.tif	5	850.8740	277.4541	354.1810	73.6638	106.8938											1718.6471	364.5200
183	263.tif	1	1577.2220															1572.0714	711.1042
184	264.tif	2	1035.0421	490.9002														1592.6795	669.7586
185	265.tif	5	707.5609	435.0016	188.4745	183.9056	137.1796											1748.6463	450.9467
186	266.tif	3	1106.8422	342.7234	135.1444													1657.7688	500.1344
187	267.tif	2	994.7513	287.7727														1559.8981	823.7428
188	268.tif	6	591.9400	198.4190	193.2023	196.0664	78.7382	188.2864										1505.4886	426.9717
189	269.tif	5	519.8910	374.2208	221.3847	129.8673	140.4526											1415.6888	360.9220
190	27.tif	2	1247.3008	210.8432														1587.8082	927.2784
191	270.tif	3	939.8423	544.5981	266.9902													1815.8123	385.4780
192	271.tif	8	619.6110	213.3047	137.0856	101.5766	124.6254	38.0793	51.0257	40.6180								1345.8146	312.2918
193	272.tif	5	439.7755	457.6567	277.4541	188.1323	127.0326											1574.0624	287.1449
194	273.tif	2	1222.8994	290.4810														1785.5179	558.4103
195	274.tif	4	627.5790	477.9963	212.5480	151.1493												1656.2735	359.0154
196	275.tif	1	1190.6247															1599.4306	487.4221
197	276.tif	4	972.6932	315.0450	177.7217	109.4261												1623.0553	553.7049
198	277.tif	3	741.3471	342.7515	299.5574													1700.9451	571.2126
199	278.tif	10	476.9165	287.2123	245.0263	163.1842	120.6313	142.7284	130.3626	133.1991	101.8301	58.6086						1900.4516	360.2429
200	279.tif	2	1203.6737	242.9662														1610.5872	810.4886
201	28.tif	6	501.6012	191.7627	298.0043	151.1493	199.9719	97.6627										1491.7186	340.0711
202	280.tif	5	956.4644	523.9965	142.2534	180.8846	132.1060											2024.4138	523.9965
203	281.tif	6	888.2275	185.7362	271.4308	167.3566	200.7439	92.6510										1867.3511	531.7368
204	282.tif	3	1072.6242	345.5884	355.8511													1962.3155	627.9074
205	283.tif	3	862.4033	419.3647	323.4029													1737.8069	351.8808
206	284.tif	7	393.9120	248.7979	263.5526	143.6061	112.1600	56.7653	86.9084									1356.1780	269.2615
207	285.tif	3	1277.2903	225.9516	160.0138													1825.4829	424.0715
208	286.tif	5	979.5957	236.4328	216.3198	160.0138	191.2241											1847.2327	376.4101
209	287.tif	2	1178.0192	558.7795														1899.1762	
210	288.tif	5	656.3848	411.7580	289.8035	147.7862	157.7218											1701.3712	457.6565
211	289.tif	3	715.3331	526.7197	188.6967													1567.9768	465.7593
212	29.tif	2	1267.7895	406.6869														1710.5454	955.1833
213	290.tif	4	583.9327	510.3641	330.0208	154.8767												1645.2641	401.4958
214	291.tif	4	857.5058	569.9250	76.5385	63.5163												1618.2496	623.2873
215	292.tif	1	1040.2808															1457.4543	
216	3.tif	3	1040.5068	699.0805	131.9351													1921.5877	774.1840
217	30.tif	3	934.0000	723.0443	110.4536													2006.0010	394.0203
218	31.tif	6	570.4844	412.5789	188.4745	122.5131	75.1792	111.6994										1603.1093	385.4780
219	32.tif	4	1249.3735	198.0288	279.6635	78.6973												1871.7238	327.5707
220	33.tif	3	860.5928	652.1147	100.5884													1758.2831	645.5292
221	34.tif	7	665.2934	345.3366	228.6029	398.6364	91.3904	94.0662	63.4655									1919.6834	357.9817
222	35.tif	3	974.9267	388.9729	127.8418													1556.7053	
223	36.tif	6	1009.1750	178.7341	236.5282	189.7185	77.2092	79.5120										1877.4497	321.6344
224	37.tif	5	627.2863	305.1631	153.6653	126.9565	104.5777											1358.5827	477.8885
225	38.tif	9	778.1612	178.3551	147.2401	117.0247	49.2911	58.4435	58.6087	40.6972	43.4542							1502.6628	546.9598
226	39.tif	3	1163.6446	440.5296	233.3600													1904.6180	564.0143
227	4.tif	2	937.1058	479.6451														1625.5113	551.6760
228	40.tif	7	594.0864	439.2990	129.4946	332.5692	233.5670	73.7949	61.1381									1952.4380	383.4076
229	41.tif	1	858.2946															1779.9289	520.7209
230	42.tif	1	1124.6526															1618.6001	923.7027
231	43.tif	6	654.9646	327.5215	299.5574	210.8432	165.1861	137.2970										1858.2731	424.0182
232	44.tif	9	629.5476	340.4405	242.4882	226.6636	138.1627	101.9566	57.8895	59.4276	59.4276							1883.5037	472.8452
233	45.tif	6	899.0307	352.8776	162.4718	152.3385	82.6515	46.3255										1703.6443	634.9043
234	46.tif	5	657.6256	360.5201	309.8783	223.4564	86.4624											1691.0958	487.6533
235	47.tif	7	736.3580	269.1418	213.7876	119.3422	81.3944	96.6012	111.7282									1719.0689	449.5153
236	48.tif	6	712.9868	330.3137	258.8896	164.8542	225.8232	87.2415										1829.2353	502.9419
237	49.tif	3	1152.4002	297.8963	239.4931													1817.7757	602.7396
238	5.tif	2	994.5763	563.4197														1677.8218	575.1646
239	50.tif	7	688.3224	171.0134	376.6156	187.0502	115.6119	140.4526	181.1161									1888.6393	207.8727
240	51.tif	5	690.8038	223.6294	304.8039	165.0299	233.6774											1640.6590	
241	52.tif	2	1101.3583	547.7133														1816.6675	875.5891
242	53.tif	1	1249.6262															1659.2960	333.5270
243	54.tif	3	1033.6557	222.3143	380.7087													1708.1456	570.2472
244	55.tif	3	740.9516	569.3819	215.4092													1685.7081	584.2693
245	56.tif	5	860.8325	208.5536	236.4329	126.9311	119.3422											1585.1759	533.1650
246	57.tif	3	885.0476	645.9334	160.6569													1792.9018	631.0558
247	58.tif	3	1225.8286	361.0559	226.4502													1917.3775	298.1017
248	59.tif	2	1138.0279	373.3932														1709.4902	591.8475
249	6.tif	4	1100.1816	237.7376	93.9633	101.0678												1579.1169	432.6470
250	60.tif	6	825.0560	170.3906	162.6502	185.9443	114.2662	78.6973										1576.5845	523.0116
251	61.tif	1	1561.4198															1835.5362	797.1436
252	62.tif	5	1204.4150	326.3685	102.3351	135.4064	89.4302											1883.9552	610.5901
253	63.tif	2	979.9213	456.9027														1591.9448	681.0796
254	64.tif	4	972.6237	639.9141	134.5709	43.4542												1813.0899	726.3299
255	65.tif	6	349.6025	153.3504	308.4400	247.8246	132.6172	122.8021										1411.2958	214.4648
256	66.tif	1	891.1468															1668.1085	687.9853
257	67.tif	8	494.9987	240.5671	171.8217	155.8722	215.7829	134.4272	99.8166	115.6119								1674.4075	316.7688
258	68.tif	6	572.2045	388.9729	263.8702	74.7063	128.5456	137.4143										1606.0252	470.0224
259	69.tif	3	990.1440	439.2990	142.1855													1624.8788	
260	7.tif	6	783.5422	232.1417	237.1948	249.4188	147.5898	71.8031										1764.7971	534.8546
261	70.tif	3	812.3948	297.1164	147.3276													1482.6096	444.6142
262	71.tif	5	670.3165	401.3913	203.1056	144.7237	190.4136											1764.3442	
263	72.tif	8	749.6204	212.2294	129.8673	175.3304	134.9296	71.0814	96.7678	61.4011								1681.5761	528.5275
264	73.tif	6	643.6695	193.3524	222.3144	324.3580	201.3369	194.0012										1862.9491	550.0381
265	74.tif	4	1162.7334	347.8283	172.6263	43.1566												1764.4319	355.4434
266	75.tif	8	657.5031	380.8018	111.7282	159.9533	190.5489	91.4257	81.2756	53.5523								1761.9519	385.9456
267	76.tif	8	548.4364	204.6702	114.2662	358.1707	129.4946	152.6554	180.6886	86.4623								1819.3563	401.6161
268	77.tif	4	1254.5135	407.3203	137.2970	104.3618												1981.4950	304.8990
269	78.tif	2	889.1304	584.3299														1686.5700	708.8259
270	79.tif	5	635.2696	467.2168	185.5975	193.3523	119.3422											1709.6711	289.5031
271	8.tif	6	551.4656	497.8871	277.0008	243.7209	127.1594	66.0530										1796.2128	432.0434
272	80.tif	4	616.5298	567.7270	374.1002	211.6821												1874.4764	329.4052
273	81.tif	7	594.0593	459.5186	140.2000	121.8803	78.6973	88.8880	58.3883									1569.1642	383.6345
274	82.tif	3	667.8940	335.2520	302.1920													1582.1502	528.1311
275	83.tif	5	1048.8935	358.0897	129.4946	117.0247	142.2535											1848.6818	388.8155
276	84.tif	2	1067.3118	510.5724														1691.7302	657.6257
277	85.tif	6	632.1220	200.5511	248.9014	332.6467	200.5672	185.3194										1855.7345	510.2631
278	86.tif	1	1130.4140															1783.4665	
279	87.tif	3	1119.2532	523.8427	249.6125													1930.8254	1007.9864
280	88.tif	7	652.5049	182.7985	223.3987	269.1418	76.2010	40.6972	73.6638									1561.3270	421.6024
281	89.tif	3	969.7835	274.1712	370.7779													1794.9207	314.8813
282	9.tif	7	770.6423	110.2183	231.2516	163.8346	111.6128	61.8195	48.1670									1540.5923	216.7512
283	90.tif	8	694.5486	180.5280	223.7591	325.5776	122.5132	160.2552	142.2535	79.3497								1986.5622	348.7165
284	91.tif	5	927.4869	315.0449	310.0862	177.8667	129.5692											1918.6022	396.3178
285	92.tif	1	1155.3491															1650.0654	942.4581
286	93.tif	2	796.3751	646.2526														1651.0122	559.6266
287	94.tif	1	1334.8518															1758.4572	852.8032
288	95.tif	2	803.0477	697.6224														1774.9199	542.8736
289	96.tif	4	773.9468	212.2293	456.0061	224.1044												1839.6307	356.7103
290	97.tif	7	610.4581	277.4541	325.3005	101.6717	97.2991	81.2359	49.2911									1569.4557	383.8695
291	98.tif	2	912.4501	626.5616														1747.7082	558.5084
292	99.tif	8	576.8261	249.2509	183.4143	139.6473	144.9018	88.8880	73.6638	66.4421								1550.3085	267.1470

