Sample	Quality	Age	Cohort	Piscivorous	I	Year	Increment	X	Y
1	3	7	2013	1386.3	Piscivorous			848	1484
1	3	7	2013	1386.3	1	2014	2675.8	795	978
1	3	7	2013	1386.3	2	2015	2088.5	753	584
1	3	7	2013	1386.3	3	2016	1084.0	732	379
1	3	7	2013	1386.3	4	2017	697.6	718	247
1	3	7	2013	1386.3	5	2018	444.0	709	163
1	3	7	2013	1386.3	6	2019	170.7	706	131
1	3	7	2013	1386.3	7	2020	158.9	702	101
1	3	7	2013	1386.3	edge		141.4	700	74
10	3	3	2017	1542.6	Piscivorous			646	1135
10	3	3	2017	1542.6	1	2018	2248.7	661	708
10	3	3	2017	1542.6	2	2019	2022.7	674	324
10	3	3	2017	1542.6	3	2020	1144.5	681	107
10	3	3	2017	1542.6	edge		196.6	682	69
11	3	12	2008	632.4	Piscivorous			840	1521
11	3	12	2008	632.4	1	2009	1365.3	844	1262
11	3	12	2008	632.4	2	2010	705.6	847	1128
11	3	12	2008	632.4	3	2011	789.6	849	978
11	3	12	2008	632.4	4	2012	694.5	851	846
11	3	12	2008	632.4	5	2013	810.8	854	692
11	3	12	2008	632.4	6	2014	800.5	857	540
11	3	12	2008	632.4	7	2015	610.8	858	424
11	3	12	2008	632.4	8	2016	441.7	860	340
11	3	12	2008	632.4	9	2017	463.5	861	252
11	3	12	2008	632.4	10	2018	357.7	863	184
11	3	12	2008	632.4	11	2019	379.3	864	112
11	3	12	2008	632.4	12	2020	326.5	865	50
11	3	12	2008	632.4	edge		73.5	865	36
12	3	8	2012	1705.2	Piscivorous			709	1449
12	3	8	2012	1705.2	1	2013	2208.8	727	1029
12	3	8	2012	1705.2	2	2014	1219.5	737	798
12	3	8	2012	1705.2	3	2015	906.3	744	626
12	3	8	2012	1705.2	4	2016	1033.4	752	430
12	3	8	2012	1705.2	5	2017	610.9	757	314
12	3	8	2012	1705.2	6	2018	473.7	761	224
12	3	8	2012	1705.2	7	2019	537.3	766	122
12	3	8	2012	1705.2	8	2020	294.5	768	66
12	3	8	2012	1705.2	edge		137.0	769	40
13	3	6	2014	1602.6	Piscivorous			908	1963
13	3	6	2014	1602.6	1	2015	2250.0	888	1536
13	3	6	2014	1602.6	2	2016	2614.8	865	1040
13	3	6	2014	1602.6	3	2017	2064.0	846	648
13	3	6	2014	1602.6	4	2018	1076.0	837	444
13	3	6	2014	1602.6	5	2019	979.9	828	258
13	3	6	2014	1602.6	6	2020	811.2	821	104
13	3	6	2014	1602.6	edge		337.0	818	40
14	3	9	2011	1554.5	Piscivorous			759	1260
14	3	9	2011	1554.5	1	2012	2090.6	771	863
14	3	9	2011	1554.5	2	2013	839.4	775	704
14	3	9	2011	1554.5	3	2014	779.7	779	556
14	3	9	2011	1554.5	4	2015	663.7	783	429
14	3	9	2011	1554.5	5	2016	375.0	785	358
14	3	9	2011	1554.5	6	2017	481.6	788	267
14	3	9	2011	1554.5	7	2018	375.0	790	196
14	3	9	2011	1554.5	8	2019	192.9	791	159
14	3	9	2011	1554.5	9	2020	479.0	794	68
14	3	9	2011	1554.5	edge		58.0	794	57
15	3	3	2017	1495.3	Piscivorous			766	1914
15	3	3	2017	1495.3	1	2018	6108.4	793	754
15	3	3	2017	1495.3	2	2019	2863.5	806	210
15	3	3	2017	1495.3	3	2020	716.5	809	74
15	3	3	2017	1495.3	edge		215.1	810	33
16	3	7	2013	3029.9	Piscivorous			809	1788
16	3	7	2013	3029.9	1	2014	3737.2	888	1082
16	3	7	2013	3029.9	2	2015	2447.9	940	620
16	3	7	2013	3029.9	3	2016	924.2	960	446
16	3	7	2013	3029.9	4	2017	633.6	973	326
16	3	7	2013	3029.9	5	2018	340.6	980	262
16	3	7	2013	3029.9	6	2019	602.2	993	148
16	3	7	2013	3029.9	7	2020	530.1	1004	48
16	3	7	2013	3029.9	edge		120.1	1007	25
17	3	9	2011	10.5	Piscivorous			776	1472
17	3	9	2011	10.5	1	2012	1573.6	751	1174
17	3	9	2011	10.5	2	2013	2650.7	708	672
17	3	9	2011	10.5	3	2014	888.5	694	504
17	3	9	2011	10.5	4	2015	614.9	684	388
17	3	9	2011	10.5	5	2016	495.1	676	294
17	3	9	2011	10.5	6	2017	497.5	668	200
17	3	9	2011	10.5	7	2018	379.4	662	128
17	3	9	2011	10.5	8	2019	231.7	658	84
17	3	9	2011	10.5	9	2020	180.1	655	50
17	3	9	2011	10.5	edge		84.8	654	34
18	3	6	2014	1041.2	Piscivorous			714	1448
18	3	6	2014	1041.2	1	2015	1561.8	691	1152
18	3	6	2014	1041.2	2	2016	2604.1	653	659
18	3	6	2014	1041.2	3	2017	697.1	643	527
18	3	6	2014	1041.2	4	2018	1403.5	622	261
18	3	6	2014	1041.2	5	2019	710.5	612	126
18	3	6	2014	1041.2	6	2020	205.1	609	87
18	3	6	2014	1041.2	edge		130.0	607	63
19	3	7	2013	1173.9	Piscivorous			775	1260
19	3	7	2013	1173.9	1	2014	1675.7	815	944
19	3	7	2013	1173.9	2	2015	2251.1	869	520
19	3	7	2013	1173.9	3	2016	591.5	883	408
19	3	7	2013	1173.9	4	2017	745.6	901	268
19	3	7	2013	1173.9	5	2018	381.3	910	196
19	3	7	2013	1173.9	6	2019	383.9	919	124
19	3	7	2013	1173.9	7	2020	338.2	927	60
19	3	7	2013	1173.9	edge		162.3	931	29
2	3	12	2008	1053.9	Piscivorous			819	1485
2	3	12	2008	1053.9	1	2009	2317.1	732	1053
2	3	12	2008	1053.9	2	2010	1512.6	675	772
2	3	12	2008	1053.9	3	2011	633.8	651	654
2	3	12	2008	1053.9	4	2012	906.0	617	485
2	3	12	2008	1053.9	5	2013	725.0	590	350
2	3	12	2008	1053.9	6	2014	218.9	582	309
2	3	12	2008	1053.9	7	2015	201.3	574	272
2	3	12	2008	1053.9	8	2016	221.6	566	230
2	3	12	2008	1053.9	9	2017	132.2	561	206
2	3	12	2008	1053.9	10	2018	155.5	555	177
2	3	12	2008	1053.9	11	2019	223.0	547	135
2	3	12	2008	1053.9	12	2020	169.3	541	104
2	3	12	2008	1053.9	edge		113.6	536	83
20	3	7	2013	1401.7	Piscivorous			721	1182
20	3	7	2013	1401.7	1	2014	2526.6	767	704
20	3	7	2013	1401.7	2	2015	702.5	779	571
20	3	7	2013	1401.7	3	2016	670.1	792	445
20	3	7	2013	1401.7	4	2017	620.8	803	327
20	3	7	2013	1401.7	5	2018	424.5	810	247
20	3	7	2013	1401.7	6	2019	381.7	817	175
20	3	7	2013	1401.7	7	2020	352.7	824	108
20	3	7	2013	1401.7	edge		290.9	829	53
21	3	6	2014	1232.0	Piscivorous			655	1394
21	3	6	2014	1232.0	1	2015	2191.4	655	977
21	3	6	2014	1232.0	2	2016	1052.7	655	777
21	3	6	2014	1232.0	3	2017	1351.0	655	521
21	3	6	2014	1232.0	4	2018	852.7	655	359
21	3	6	2014	1232.0	5	2019	687.8	655	228
21	3	6	2014	1232.0	6	2020	856.2	655	65
21	3	6	2014	1232.0	edge		224.6	655	23
22	3	12	2008	1238.8	Piscivorous			708	1762
22	3	12	2008	1238.8	1	2009	1644.3	721	1450
22	3	12	2008	1238.8	2	2010	1547.9	733	1156
22	3	12	2008	1238.8	3	2011	705.1	739	1022
22	3	12	2008	1238.8	4	2012	843.6	746	862
22	3	12	2008	1238.8	5	2013	812.1	752	708
22	3	12	2008	1238.8	6	2014	864.7	759	544
22	3	12	2008	1238.8	7	2015	526.3	763	444
22	3	12	2008	1238.8	8	2016	809.4	770	290
22	3	12	2008	1238.8	9	2017	275.7	772	238
22	3	12	2008	1238.8	10	2018	358.5	775	170
22	3	12	2008	1238.8	11	2019	283.5	777	116
22	3	12	2008	1238.8	12	2020	199.8	779	78
22	3	12	2008	1238.8	edge		169.2	780	46
23	3	4	2016	2256.7	Piscivorous			725	1414
23	3	4	2016	2256.7	1	2017	3231.3	781	803
23	3	4	2016	2256.7	2	2018	1452.5	806	528
23	3	4	2016	2256.7	3	2019	1542.7	833	236
23	3	4	2016	2256.7	4	2020	578.2	843	127
23	3	4	2016	2256.7	edge		598.5	853	13
24	3	2	2018	2510.9	Piscivorous			573	1279
24	3	2	2018	2510.9	1	2019	4661.9	566	393
24	3	2	2018	2510.9	2	2020	1291.4	565	148
24	3	2	2018	2510.9	edge		596.6	564	35
25	3	4	2016	1079.2	Piscivorous			593	1535
25	3	4	2016	1079.2	1	2017	2116.0	595	1133
25	3	4	2016	1079.2	2	2018	3344.2	598	498
25	3	4	2016	1079.2	3	2019	1156.2	599	278
25	3	4	2016	1079.2	4	2020	789.6	600	128
25	3	4	2016	1079.2	edge		268.4	600	77
26	3	4	2016	1549.6	Piscivorous			882	1492
26	3	4	2016	1549.6	1	2017	2622.3	981	1004
26	3	4	2016	1549.6	2	2018	2274.4	1067	580
26	3	4	2016	1549.6	3	2019	1346.1	1118	330
26	3	4	2016	1549.6	4	2020	908.4	1152	160
26	3	4	2016	1549.6	edge		533.7	1172	61
27	3	5	2015	1351.5	Piscivorous			639	1255
27	3	5	2015	1351.5	1	2016	2398.6	616	800
27	3	5	2015	1351.5	2	2017	1294.5	603	554
27	3	5	2015	1351.5	3	2018	1275.9	591	312
27	3	5	2015	1351.5	4	2019	569.2	585	204
27	3	5	2015	1351.5	5	2020	533.8	580	103
27	3	5	2015	1351.5	edge		168.2	579	71
28	3	5	2015	1509.2	Piscivorous			661	1580
28	3	5	2015	1509.2	1	2016	2282.7	730	1152
28	3	5	2015	1509.2	2	2017	2387.5	803	704
28	3	5	2015	1509.2	3	2018	1472.8	848	428
28	3	5	2015	1509.2	4	2019	1024.5	879	236
28	3	5	2015	1509.2	5	2020	704.4	900	104
28	3	5	2015	1509.2	edge		360.9	911	36
29	3	1	2019	984.6	Piscivorous			654	1147
29	3	1	2019	984.6	1	2020	3746.0	686	436
29	3	1	2019	984.6	edge		2102.5	704	37
3	3	12	2007	2500.1	Piscivorous			1201	1984
3	3	12	2007	2500.1	1	2008	3424.8	1079	1345
3	3	12	2007	2500.1	2	2009	1047.6	1041	1149
3	3	12	2007	2500.1	3	2010	900.2	1009	981
3	3	12	2007	2500.1	4	2011	1235.8	965	751
3	3	12	2007	2500.1	5	2012	1337.0	917	501
3	3	12	2007	2500.1	6	2013	452.1	901	417
3	3	12	2007	2500.1	7	2014	467.6	884	330
3	3	12	2007	2500.1	8	2015	545.1	865	228
3	3	12	2007	2500.1	9	2016	316.1	853	169
3	3	12	2007	2500.1	10	2017	340.5	841	105
3	3	12	2007	2500.1	11	2018	218.7	833	65
3	3	12	2007	2500.1	12	2019	160.0	828	35
3	3	12	2007	2500.1	edge		100.2	824	16
30	3	8	2012	1381.1	Piscivorous			707	1819
30	3	8	2012	1381.1	1	2013	2078.5	676	1425
30	3	8	2012	1381.1	2	2014	2996.8	632	858
30	3	8	2012	1381.1	3	2015	1275.7	613	616
30	3	8	2012	1381.1	4	2016	1248.3	595	380
30	3	8	2012	1381.1	5	2017	643.5	585	258
30	3	8	2012	1381.1	6	2018	507.0	578	162
30	3	8	2012	1381.1	7	2019	463.4	571	74
30	3	8	2012	1381.1	8	2020	210.5	568	34
30	3	8	2012	1381.1	edge		63.7	567	22
31	3	4	2016	2386.2	Piscivorous			815	1767
31	3	4	2016	2386.2	1	2017	3828.5	809	1040
31	3	4	2016	2386.2	2	2018	2578.9	806	550
31	3	4	2016	2386.2	3	2019	1409.1	804	282
31	3	4	2016	2386.2	4	2020	893.2	803	112
31	3	4	2016	2386.2	edge		93.0	803	95
32	3	8	2011	871.6	Piscivorous			724	1455
32	3	8	2011	871.6	1	2012	1594.6	700	1153
32	3	8	2011	871.6	2	2013	2387.8	663	701
32	3	8	2011	871.6	3	2014	1061.1	647	500
32	3	8	2011	871.6	4	2015	877.7	633	334
32	3	8	2011	871.6	5	2016	285.9	629	280
32	3	8	2011	871.6	6	2017	234.2	625	236
32	3	8	2011	871.6	7	2018	367.3	620	166
32	3	8	2011	871.6	8	2019	413.5	613	88
32	3	8	2011	871.6	edge		174.6	611	55
33	3	9	2011	840.4	Piscivorous			725	1498
33	3	9	2011	840.4	1	2012	1570.0	758	1202
33	3	9	2011	840.4	2	2013	1173.0	783	980
33	3	9	2011	840.4	3	2014	744.1	799	840
33	3	9	2011	840.4	4	2015	1520.5	831	553
33	3	9	2011	840.4	5	2016	808.0	849	400
33	3	9	2011	840.4	6	2017	519.7	860	302
33	3	9	2011	840.4	7	2018	518.5	871	204
33	3	9	2011	840.4	8	2019	412.7	880	126
33	3	9	2011	840.4	9	2020	330.2	887	64
33	3	9	2011	840.4	edge		163.3	890	33
34	3	2	2018	1826.7	Piscivorous			659	1186
34	3	2	2018	1826.7	1	2019	2794.7	590	659
34	3	2	2018	1826.7	2	2020	1521.7	552	373
34	3	2	2018	1826.7	edge		1629.6	511	66
35	3	5	2014	639.0	Piscivorous			591	871
35	3	5	2014	639.0	1	2015	1024.7	588	676
35	3	5	2014	639.0	2	2016	1880.9	584	319
35	3	5	2014	639.0	3	2017	407.2	583	241
35	3	5	2014	639.0	4	2018	393.1	582	167
35	3	5	2014	639.0	5	2019	540.5	581	64
35	3	5	2014	639.0	edge		256.1	580	15
36	3	6	2014	1152.8	Piscivorous			600	1134
36	3	6	2014	1152.8	1	2015	1933.2	570	768
36	3	6	2014	1152.8	2	2016	1513.0	547	481
36	3	6	2014	1152.8	3	2017	1013.5	532	289
36	3	6	2014	1152.8	4	2018	329.9	527	227
36	3	6	2014	1152.8	5	2019	331.6	522	164
36	3	6	2014	1152.8	6	2020	296.6	517	108
36	3	6	2014	1152.8	edge		336.3	512	44
37	3	10	2010	1544.3	Piscivorous			981	1874
37	3	10	2010	1544.3	1	2011	1864.6	967	1520
37	3	10	2010	1544.3	2	2012	542.6	963	1417
37	3	10	2010	1544.3	3	2013	1621.5	950	1109
37	3	10	2010	1544.3	4	2014	1105.7	942	899
37	3	10	2010	1544.3	5	2015	890.1	935	730
37	3	10	2010	1544.3	6	2016	748.1	929	588
37	3	10	2010	1544.3	7	2017	1041.3	921	390
37	3	10	2010	1544.3	8	2018	791.9	915	240
37	3	10	2010	1544.3	9	2019	495.7	911	146
37	3	10	2010	1544.3	10	2020	473.8	908	56
37	3	10	2010	1544.3	edge		140.5	907	29
38	3	4	2016	2595.3	Piscivorous			825	1538
38	3	4	2016	2595.3	1	2017	3457.0	836	881
38	3	4	2016	2595.3	2	2018	1512.3	841	594
38	3	4	2016	2595.3	3	2019	1432.2	845	322
38	3	4	2016	2595.3	4	2020	768.7	847	176
38	3	4	2016	2595.3	edge		673.6	849	48
39	3	13	2007	1243.4	Piscivorous			692	1558
39	3	13	2007	1243.4	1	2008	1782.1	728	1221
39	3	13	2007	1243.4	2	2009	968.5	748	1038
39	3	13	2007	1243.4	3	2010	678.9	762	910
39	3	13	2007	1243.4	4	2011	926.9	781	735
39	3	13	2007	1243.4	5	2012	800.0	797	584
39	3	13	2007	1243.4	6	2013	465.7	807	496
39	3	13	2007	1243.4	7	2014	763.8	822	352
39	3	13	2007	1243.4	8	2015	337.2	829	288
39	3	13	2007	1243.4	9	2016	319.6	836	228
39	3	13	2007	1243.4	10	2017	177.9	839	194
39	3	13	2007	1243.4	11	2018	301.4	846	137
39	3	13	2007	1243.4	12	2019	182.9	849	103
39	3	13	2007	1243.4	13	2020	141.8	852	76
39	3	13	2007	1243.4	edge		84.1	854	60
4	3	9	2010	826.9	Piscivorous			870	1485
4	3	9	2010	826.9	1	2011	1328.4	886	1233
4	3	9	2010	826.9	2	2012	1058.8	898	1032
4	3	9	2010	826.9	3	2013	1020.2	911	839
4	3	9	2010	826.9	4	2014	1023.1	923	645
4	3	9	2010	826.9	5	2015	1630.5	942	336
4	3	9	2010	826.9	6	2016	453.1	948	250
4	3	9	2010	826.9	7	2017	398.6	952	174
4	3	9	2010	826.9	8	2018	348.7	956	108
4	3	9	2010	826.9	9	2019	233.1	959	64
4	3	9	2010	826.9	edge		147.4	961	36
40	3	12	2007	1051.4	Piscivorous			965	1607
40	3	12	2007	1051.4	1	2008	2362.5	951	1158
40	3	12	2007	1051.4	2	2009	1228.9	944	925
40	3	12	2007	1051.4	3	2010	832.9	940	767
40	3	12	2007	1051.4	4	2011	620.5	936	649
40	3	12	2007	1051.4	5	2012	606.0	933	534
40	3	12	2007	1051.4	6	2013	715.5	929	398
40	3	12	2007	1051.4	7	2014	400.2	926	322
40	3	12	2007	1051.4	8	2015	316.6	925	262
40	3	12	2007	1051.4	9	2016	262.7	923	212
40	3	12	2007	1051.4	10	2017	263.4	921	162
40	3	12	2007	1051.4	11	2018	221.3	920	120
40	3	12	2007	1051.4	12	2019	242.6	919	74
40	3	12	2007	1051.4	edge		147.0	918	46
41	3	3	2017	3495.6	Piscivorous			838	1771
41	3	3	2017	3495.6	1	2018	4342.7	825	946
41	3	3	2017	3495.6	2	2019	2600.7	817	452
41	3	3	2017	3495.6	3	2020	1231.7	813	218
41	3	3	2017	3495.6	edge		1000.5	810	28
42	3	4	2016	2665.5	Piscivorous			794	1772
42	3	4	2016	2665.5	1	2017	3937.2	799	1024
42	3	4	2016	2665.5	2	2018	3053.2	803	444
42	3	4	2016	2665.5	3	2019	1073.5	804	240
42	3	4	2016	2665.5	4	2020	737.0	805	100
42	3	4	2016	2665.5	edge		163.2	805	69
43	3	3	2017	1837.5	Piscivorous			750	1518
43	3	3	2017	1837.5	1	2018	4284.6	747	704
43	3	3	2017	1837.5	2	2019	2284.4	745	270
43	3	3	2017	1837.5	3	2020	947.5	744	90
43	3	3	2017	1837.5	edge		263.1	744	40
44	3	8	2011	1082.2	Piscivorous			857	1333
44	3	8	2011	1082.2	1	2012	1755.5	836	1000
44	3	8	2011	1082.2	2	2013	1825.1	813	654
44	3	8	2011	1082.2	3	2014	1201.7	799	426
44	3	8	2011	1082.2	4	2015	856.4	788	264
44	3	8	2011	1082.2	5	2016	621.2	781	146
44	3	8	2011	1082.2	6	2017	201.0	778	108
44	3	8	2011	1082.2	7	2018	240.3	775	63
44	3	8	2011	1082.2	8	2019	182.7	773	28
44	3	8	2011	1082.2	edge		84.0	772	12
45	3	2	2017	2382.9	Piscivorous			652	1197
45	3	2	2017	2382.9	1	2018	3128.9	673	603
45	3	2	2017	2382.9	2	2019	2724.2	692	86
45	3	2	2017	2382.9	edge		266.9	694	35
46	3	9	2011	1859.5	Piscivorous			863	1922
46	3	9	2011	1859.5	1	2012	2727.4	834	1404
46	3	9	2011	1859.5	2	2013	1088.5	822	1198
46	3	9	2011	1859.5	3	2014	937.8	812	1020
46	3	9	2011	1859.5	4	2015	866.0	803	856
46	3	9	2011	1859.5	5	2016	1475.0	787	576
46	3	9	2011	1859.5	6	2017	843.8	777	416
46	3	9	2011	1859.5	7	2018	759.7	769	272
46	3	9	2011	1859.5	8	2019	514.4	764	174
46	3	9	2011	1859.5	9	2020	485.9	758	82
46	3	9	2011	1859.5	edge		285.2	755	28
47	3	3	2017	1878.9	Piscivorous			596	1122
47	3	3	2017	1878.9	1	2018	2846.7	617	581
47	3	3	2017	1878.9	2	2019	1405.5	627	314
47	3	3	2017	1878.9	3	2020	723.8	633	177
47	3	3	2017	1878.9	edge		595.9	637	64
48	3	4	2016	1502.3	Piscivorous			692	1248
48	3	4	2016	1502.3	1	2017	1988.6	673	871
48	3	4	2016	1502.3	2	2018	2026.8	654	486
48	3	4	2016	1502.3	3	2019	1392.1	641	222
48	3	4	2016	1502.3	4	2020	748.6	634	80
48	3	4	2016	1502.3	edge		194.5	632	43
49	3	9	2010	1415.3	Piscivorous			888	1311
49	3	9	2010	1415.3	1	2011	2001.4	858	932
49	3	9	2010	1415.3	2	2012	717.6	847	796
49	3	9	2010	1415.3	3	2013	1405.7	826	530
49	3	9	2010	1415.3	4	2014	695.9	815	398
49	3	9	2010	1415.3	5	2015	719.4	804	262
49	3	9	2010	1415.3	6	2016	368.1	799	192
49	3	9	2010	1415.3	7	2017	276.2	794	140
49	3	9	2010	1415.3	8	2018	234.2	791	95
49	3	9	2010	1415.3	9	2019	218.7	788	54
49	3	9	2010	1415.3	edge		123.4	786	31
5	3	7	2013	1614.3	Piscivorous			758	1623
5	3	7	2013	1614.3	1	2014	3947.3	799	874
5	3	7	2013	1614.3	2	2015	1254.3	812	636
5	3	7	2013	1614.3	3	2016	938.4	822	458
5	3	7	2013	1614.3	4	2017	622.5	828	340
5	3	7	2013	1614.3	5	2018	714.8	836	204
5	3	7	2013	1614.3	6	2019	582.1	842	94
5	3	7	2013	1614.3	7	2020	241.8	844	48
5	3	7	2013	1614.3	edge		76.8	845	33
50	3	13	2007	1188.5	Piscivorous			846	1394
50	3	13	2007	1188.5	1	2008	1831.7	843	1046
50	3	13	2007	1188.5	2	2009	768.5	842	900
50	3	13	2007	1188.5	3	2010	1095.0	841	692
50	3	13	2007	1188.5	4	2011	789.5	840	542
50	3	13	2007	1188.5	5	2012	631.5	839	422
50	3	13	2007	1188.5	6	2013	316.1	838	362
50	3	13	2007	1188.5	7	2014	284.1	838	308
50	3	13	2007	1188.5	8	2015	210.6	838	268
50	3	13	2007	1188.5	9	2016	252.5	837	220
50	3	13	2007	1188.5	10	2017	263.2	837	170
50	3	13	2007	1188.5	11	2018	284.3	837	116
50	3	13	2007	1188.5	12	2019	189.6	836	80
50	3	13	2007	1188.5	13	2020	194.7	836	43
50	3	13	2007	1188.5	edge		63.1	836	31
51	3	9	2011	1378.0	Piscivorous			725	1489
51	3	9	2011	1378.0	1	2012	2052.7	680	1102
51	3	9	2011	1378.0	2	2013	1484.6	647	822
51	3	9	2011	1378.0	3	2014	989.6	624	635
51	3	9	2011	1378.0	4	2015	546.1	612	532
51	3	9	2011	1378.0	5	2016	431.8	603	451
51	3	9	2011	1378.0	6	2017	760.1	586	307
51	3	9	2011	1378.0	7	2018	425.6	576	227
51	3	9	2011	1378.0	8	2019	356.7	568	160
51	3	9	2011	1378.0	9	2020	274.3	562	108
51	3	9	2011	1378.0	edge		98.8	560	89
52	3	7	2013	2139.0	Piscivorous			755	1529
52	3	7	2013	2139.0	1	2014	3038.4	818	955
52	3	7	2013	2139.0	2	2015	1085.7	840	750
52	3	7	2013	2139.0	3	2016	1087.0	862	544
52	3	7	2013	2139.0	4	2017	936.9	882	368
52	3	7	2013	2139.0	5	2018	473.2	891	278
52	3	7	2013	2139.0	6	2019	487.1	901	186
52	3	7	2013	2139.0	7	2020	530.1	912	86
52	3	7	2013	2139.0	edge		264.9	918	36
53	3	4	2015	1191.3	Piscivorous			684	1355
53	3	4	2015	1191.3	1	2016	2929.2	646	800
53	3	4	2015	1191.3	2	2017	2821.2	608	266
53	3	4	2015	1191.3	3	2018	324.6	604	204
53	3	4	2015	1191.3	4	2019	652.0	596	80
53	3	4	2015	1191.3	edge		79.2	595	65
54	3	4	2016	1230.9	Piscivorous			640	1119
54	3	4	2016	1230.9	1	2017	1954.8	597	750
54	3	4	2016	1230.9	2	2018	1326.1	568	500
54	3	4	2016	1230.9	3	2019	1695.0	531	180
54	3	4	2016	1230.9	4	2020	552.7	519	76
54	3	4	2016	1230.9	edge		199.3	515	38
55	3	4	2015	1587.9	Piscivorous			707	1243
55	3	4	2015	1587.9	1	2016	2038.8	706	855
55	3	4	2015	1587.9	2	2017	1845.8	706	505
55	3	4	2015	1587.9	3	2018	1329.9	706	252
55	3	4	2015	1587.9	4	2019	705.3	705	118
55	3	4	2015	1587.9	edge		410.6	705	40
56	3	4	2015	629.9	Piscivorous			503	960
56	3	4	2015	629.9	1	2016	1558.4	527	665
56	3	4	2015	629.9	2	2017	545.8	535	562
56	3	4	2015	629.9	3	2018	626.1	545	443
56	3	4	2015	629.9	4	2019	1631.7	570	134
56	3	4	2015	629.9	edge		599.0	579	21
57	3	9	2010	879.5	Piscivorous			758	1627
57	3	9	2010	879.5	1	2011	1356.2	758	1369
57	3	9	2010	879.5	2	2012	2575.7	759	880
57	3	9	2010	879.5	3	2013	768.5	760	734
57	3	9	2010	879.5	4	2014	726.3	760	596
57	3	9	2010	879.5	5	2015	842.3	760	436
57	3	9	2010	879.5	6	2016	705.3	760	302
57	3	9	2010	879.5	7	2017	631.6	760	182
57	3	9	2010	879.5	8	2018	326.4	761	120
57	3	9	2010	879.5	9	2019	252.6	761	72
57	3	9	2010	879.5	edge		84.2	761	56
58	3	11	2009	1537.4	Piscivorous			695	1316
58	3	11	2009	1537.4	1	2010	2019.5	692	933
58	3	11	2009	1537.4	2	2011	814.0	691	778
58	3	11	2009	1537.4	3	2012	1007.5	690	587
58	3	11	2009	1537.4	4	2013	615.7	689	470
58	3	11	2009	1537.4	5	2014	456.3	689	383
58	3	11	2009	1537.4	6	2015	596.0	688	270
58	3	11	2009	1537.4	7	2016	327.6	688	207
58	3	11	2009	1537.4	8	2017	347.7	687	141
58	3	11	2009	1537.4	9	2018	238.3	687	96
58	3	11	2009	1537.4	10	2019	218.3	687	55
58	3	11	2009	1537.4	11	2020	119.1	687	32
58	3	11	2009	1537.4	edge		63.5	687	20
59	3	10	2010	1185.5	Piscivorous			1034	1889
59	3	10	2010	1185.5	1	2011	2165.2	964	1484
59	3	10	2010	1185.5	2	2012	777.9	939	1338
59	3	10	2010	1185.5	3	2013	1313.6	896	1092
59	3	10	2010	1185.5	4	2014	654.1	875	970
59	3	10	2010	1185.5	5	2015	1004.9	843	782
59	3	10	2010	1185.5	6	2016	740.7	819	643
59	3	10	2010	1185.5	7	2017	792.5	793	495
59	3	10	2010	1185.5	8	2018	787.7	767	347
59	3	10	2010	1185.5	9	2019	861.8	739	186
59	3	10	2010	1185.5	10	2020	470.8	724	98
59	3	10	2010	1185.5	edge		254.3	716	50
6	3	8	2012	1089.8	Piscivorous			803	1705
6	3	8	2012	1089.8	1	2013	2421.3	804	1245
6	3	8	2012	1089.8	2	2014	1715.9	804	919
6	3	8	2012	1089.8	3	2015	1305.4	804	671
6	3	8	2012	1089.8	4	2016	1073.7	805	467
6	3	8	2012	1089.8	5	2017	847.4	805	306
6	3	8	2012	1089.8	6	2018	452.7	805	220
6	3	8	2012	1089.8	7	2019	326.3	805	158
6	3	8	2012	1089.8	8	2020	263.2	805	108
6	3	8	2012	1089.8	edge		257.9	805	59
60	3	10	2010	572.3	Piscivorous			642	1467
60	3	10	2010	572.3	1	2011	1305.2	678	1222
60	3	10	2010	572.3	2	2012	1399.6	716	959
60	3	10	2010	572.3	3	2013	1375.4	754	700
60	3	10	2010	572.3	4	2014	1077.9	783	498
60	3	10	2010	572.3	5	2015	1156.7	815	280
60	3	10	2010	572.3	6	2016	367.7	825	211
60	3	10	2010	572.3	7	2017	201.5	830	173
60	3	10	2010	572.3	8	2018	182.6	835	139
60	3	10	2010	572.3	9	2019	220.3	841	97
60	3	10	2010	572.3	10	2020	184.6	846	63
60	3	10	2010	572.3	edge		42.2	847	55
61	3	3	2017	1699.6	Piscivorous			745	1660
61	3	3	2017	1699.6	1	2018	4230.8	824	860
61	3	3	2017	1699.6	2	2019	2738.2	875	342
61	3	3	2017	1699.6	3	2020	1019.2	894	150
61	3	3	2017	1699.6	edge		157.1	897	120
62	3	4	2016	1981.1	Piscivorous			721	1393
62	3	4	2016	1981.1	1	2017	2611.6	775	900
62	3	4	2016	1981.1	2	2018	2166.3	819	491
62	3	4	2016	1981.1	3	2019	1582.1	851	192
62	3	4	2016	1981.1	4	2020	589.5	863	80
62	3	4	2016	1981.1	edge		234.8	868	36
63	3	10	2010	1211.0	Piscivorous			1025	1694
63	3	10	2010	1211.0	1	2011	2305.5	1022	1256
63	3	10	2010	1211.0	2	2012	1958.2	1019	884
63	3	10	2010	1211.0	3	2013	1368.5	1017	624
63	3	10	2010	1211.0	4	2014	684.2	1016	494
63	3	10	2010	1211.0	5	2015	579.2	1015	384
63	3	10	2010	1211.0	6	2016	600.0	1015	270
63	3	10	2010	1211.0	7	2017	316.0	1014	210
63	3	10	2010	1211.0	8	2018	263.2	1014	160
63	3	10	2010	1211.0	9	2019	182.6	1013	125
63	3	10	2010	1211.0	10	2020	203.5	1013	87
63	3	10	2010	1211.0	edge		150.8	1013	58
64	3	5	2015	716.0	Piscivorous			626	1333
64	3	5	2015	716.0	1	2016	1700.1	641	1010
64	3	5	2015	716.0	2	2017	2647.9	663	507
64	3	5	2015	716.0	3	2018	1239.6	674	272
64	3	5	2015	716.0	4	2019	379.5	677	200
64	3	5	2015	716.0	5	2020	348.5	680	134
64	3	5	2015	716.0	edge		291.5	682	79
65	3	10	2010	989.8	Piscivorous			972	1633
65	3	10	2010	989.8	1	2011	1750.0	992	1301
65	3	10	2010	989.8	2	2012	1518.2	1009	1013
65	3	10	2010	989.8	3	2013	1666.6	1029	697
65	3	10	2010	989.8	4	2014	865.5	1038	533
65	3	10	2010	989.8	5	2015	780.8	1047	385
65	3	10	2010	989.8	6	2016	485.3	1053	293
65	3	10	2010	989.8	7	2017	390.1	1057	219
65	3	10	2010	989.8	8	2018	262.1	1060	169
65	3	10	2010	989.8	9	2019	292.1	1064	114
65	3	10	2010	989.8	10	2020	157.6	1066	84
65	3	10	2010	989.8	edge		216.0	1068	43
66	3	10	2010	1224.1	Piscivorous			787	1567
66	3	10	2010	1224.1	1	2011	1808.5	806	1224
66	3	10	2010	1224.1	2	2012	1359.4	820	966
66	3	10	2010	1224.1	3	2013	970.5	830	782
66	3	10	2010	1224.1	4	2014	991.0	840	594
66	3	10	2010	1224.1	5	2015	674.5	847	466
66	3	10	2010	1224.1	6	2016	494.6	852	372
66	3	10	2010	1224.1	7	2017	326.4	855	310
66	3	10	2010	1224.1	8	2018	613.7	862	194
66	3	10	2010	1224.1	9	2019	347.0	865	128
66	3	10	2010	1224.1	10	2020	211.0	867	88
66	3	10	2010	1224.1	edge		168.5	869	56
67	3	6	2014	1635.7	Piscivorous			879	1330
67	3	6	2014	1635.7	1	2015	2414.0	904	872
67	3	6	2014	1635.7	2	2016	1623.7	920	564
67	3	6	2014	1635.7	3	2017	537.8	925	462
67	3	6	2014	1635.7	4	2018	631.9	932	342
67	3	6	2014	1635.7	5	2019	654.6	939	218
67	3	6	2014	1635.7	6	2020	620.8	945	100
67	3	6	2014	1635.7	edge		345.2	948	35
68	3	6	2014	1779.4	Piscivorous			943	1813
68	3	6	2014	1779.4	1	2015	4607.3	922	938
68	3	6	2014	1779.4	2	2016	1453.1	915	662
68	3	6	2014	1779.4	3	2017	737.2	912	522
68	3	6	2014	1779.4	4	2018	768.8	909	376
68	3	6	2014	1779.4	5	2019	747.2	905	234
68	3	6	2014	1779.4	6	2020	557.8	903	128
68	3	6	2014	1779.4	edge		368.8	901	58
69	3	10	2010	2158.9	Piscivorous			973	1968
69	3	10	2010	2158.9	1	2011	3184.4	951	1363
69	3	10	2010	2158.9	2	2012	981.5	944	1177
69	3	10	2010	2158.9	3	2013	1369.9	935	917
69	3	10	2010	2158.9	4	2014	1264.0	926	677
69	3	10	2010	2158.9	5	2015	632.8	921	557
69	3	10	2010	2158.9	6	2016	1042.6	914	359
69	3	10	2010	2158.9	7	2017	747.7	909	217
69	3	10	2010	2158.9	8	2018	410.7	906	139
69	3	10	2010	2158.9	9	2019	226.6	904	96
69	3	10	2010	2158.9	10	2020	169.1	903	64
69	3	10	2010	2158.9	edge		76.6	903	49
7	3	4	2016	1794.1	Piscivorous			747	1884
7	3	4	2016	1794.1	1	2017	3013.6	790	1313
7	3	4	2016	1794.1	2	2018	2046.8	820	925
7	3	4	2016	1794.1	3	2019	3661.1	872	232
7	3	4	2016	1794.1	4	2020	738.0	883	92
7	3	4	2016	1794.1	edge		306.0	887	34
70	3	1	2019	972.5	Piscivorous			594	1052
70	3	1	2019	972.5	1	2020	2206.4	597	633
70	3	1	2019	972.5	edge		3039.8	601	56
71	3	4	2016	10.5	Piscivorous			659	1411
71	3	4	2016	10.5	1	2017	4017.1	720	650
71	3	4	2016	10.5	2	2018	1283.3	739	407
71	3	4	2016	10.5	3	2019	1297.1	759	162
71	3	4	2016	10.5	4	2020	462.4	766	74
71	3	4	2016	10.5	edge		169.2	768	42
72	3	4	2016	2154.6	Piscivorous			678	1471
72	3	4	2016	2154.6	1	2017	4048.8	634	703
72	3	4	2016	2154.6	2	2018	2467.4	608	235
72	3	4	2016	2154.6	3	2019	516.5	602	137
72	3	4	2016	2154.6	4	2020	445.6	597	53
72	3	4	2016	2154.6	edge		184.7	596	18
73	3	4	2016	2146.4	Piscivorous			673	1625
73	3	4	2016	2146.4	1	2017	3906.9	721	884
73	3	4	2016	2146.4	2	2018	2967.9	758	322
73	3	4	2016	2146.4	3	2019	445.2	763	237
73	3	4	2016	2146.4	4	2020	931.9	775	61
73	3	4	2016	2146.4	edge		54.8	775	50
74	3	2	2018	2103.3	Piscivorous			743	1264
74	3	2	2018	2103.3	1	2019	3529.2	674	598
74	3	2	2018	2103.3	2	2020	959.1	655	416
74	3	2	2018	2103.3	edge		1991.7	616	40
75	3	4	2016	2323.2	Piscivorous			714	1447
75	3	4	2016	2323.2	1	2017	4362.2	727	619
75	3	4	2016	2323.2	2	2018	1204.0	731	390
75	3	4	2016	2323.2	3	2019	1126.1	734	176
75	3	4	2016	2323.2	4	2020	653.1	736	52
75	3	4	2016	2323.2	edge		91.3	737	35
76	3	7	2012	926.0	Piscivorous			764	1220
76	3	7	2012	926.0	1	2013	1392.0	726	958
76	3	7	2012	926.0	2	2014	1060.2	697	759
76	3	7	2012	926.0	3	2015	1123.9	666	548
76	3	7	2012	926.0	4	2016	671.5	647	422
76	3	7	2012	926.0	5	2017	847.0	624	262
76	3	7	2012	926.0	6	2018	469.0	611	174
76	3	7	2012	926.0	7	2019	643.3	593	53
76	3	7	2012	926.0	edge		123.5	590	30
77	3	10	2010	1054.0	Piscivorous			838	1657
77	3	10	2010	1054.0	1	2011	2816.5	829	1122
77	3	10	2010	1054.0	2	2012	1210.6	824	892
77	3	10	2010	1054.0	3	2013	685.7	822	762
77	3	10	2010	1054.0	4	2014	651.7	820	638
77	3	10	2010	1054.0	5	2015	842.2	817	478
77	3	10	2010	1054.0	6	2016	611.0	815	362
77	3	10	2010	1054.0	7	2017	453.0	814	276
77	3	10	2010	1054.0	8	2018	283.8	813	222
77	3	10	2010	1054.0	9	2019	484.7	811	130
77	3	10	2010	1054.0	10	2020	199.6	810	92
77	3	10	2010	1054.0	edge		84.2	810	76
78	3	4	2016	1243.5	Piscivorous			522	1220
78	3	4	2016	1243.5	1	2017	1721.5	519	893
78	3	4	2016	1243.5	2	2018	960.0	517	711
78	3	4	2016	1243.5	3	2019	1455.7	514	434
78	3	4	2016	1243.5	4	2020	1039.1	512	237
78	3	4	2016	1243.5	edge		784.2	510	88
79	3	4	2016	2148.7	Piscivorous			814	1308
79	3	4	2016	2148.7	1	2017	3477.1	808	647
79	3	4	2016	2148.7	2	2018	2403.4	804	191
79	3	4	2016	2148.7	3	2019	286.0	803	137
79	3	4	2016	2148.7	4	2020	226.5	803	94
79	3	4	2016	2148.7	edge		118.0	803	71
8	3	3	2017	1273.1	Piscivorous			683	1313
8	3	3	2017	1273.1	1	2018	3172.5	709	711
8	3	3	2017	1273.1	2	2019	1159.3	719	491
8	3	3	2017	1273.1	3	2020	2051.9	735	101
8	3	3	2017	1273.1	edge		266.3	738	50
80	3	5	2016	926.6	Piscivorous			778	1683
80	3	5	2016	926.6	1	2017	2715.9	781	1167
80	3	5	2016	926.6	2	2018	1800.2	782	825
80	3	5	2016	926.6	3	2019	1358.1	783	567
80	3	5	2016	926.6	4	2020	1594.7	785	264
80	3	5	2016	926.6	5	2021	873.8	786	98
80	3	5	2016	926.6	edge		279.0	786	45
81	3	1	2018	1484.1	Piscivorous			557	1094
81	3	1	2018	1484.1	1	2019	2712.8	472	585
81	3	1	2018	1484.1	edge		2810.2	384	59
82	3	3	2017	989.2	Piscivorous			756	1740
82	3	3	2017	989.2	1	2018	3086.5	742	1154
82	3	3	2017	989.2	2	2019	2143.6	732	747
82	3	3	2017	989.2	3	2020	2907.6	718	195
82	3	3	2017	989.2	edge		726.3	715	57
83	3	6	2013	1051.0	Piscivorous			743	1131
83	3	6	2013	1051.0	1	2014	1677.2	761	813
83	3	6	2013	1051.0	2	2015	1841.3	782	464
83	3	6	2013	1051.0	3	2016	1036.7	793	267
83	3	6	2013	1051.0	4	2017	346.1	797	202
83	3	6	2013	1051.0	5	2018	405.9	802	125
83	3	6	2013	1051.0	6	2019	294.9	805	69
83	3	6	2013	1051.0	edge		128.7	807	44
84	3	4	2016	865.3	Piscivorous			492	961
84	3	4	2016	865.3	1	2017	1588.2	434	665
84	3	4	2016	865.3	2	2018	1205.4	391	440
84	3	4	2016	865.3	3	2019	1005.8	354	253
84	3	4	2016	865.3	4	2020	510.5	336	157
84	3	4	2016	865.3	edge		449.4	320	74
85	3	12	2008	1390.6	Piscivorous			1001	1669
85	3	12	2008	1390.6	1	2009	2104.0	1024	1270
85	3	12	2008	1390.6	2	2010	1602.9	1041	966
85	3	12	2008	1390.6	3	2011	864.8	1050	802
85	3	12	2008	1390.6	4	2012	442.0	1055	718
85	3	12	2008	1390.6	5	2013	336.9	1058	654
85	3	12	2008	1390.6	6	2014	506.3	1064	558
85	3	12	2008	1390.6	7	2015	642.3	1071	436
85	3	12	2008	1390.6	8	2016	716.5	1078	300
85	3	12	2008	1390.6	9	2017	275.6	1081	248
85	3	12	2008	1390.6	10	2018	368.5	1085	178
85	3	12	2008	1390.6	11	2019	349.2	1089	112
85	3	12	2008	1390.6	12	2020	252.2	1092	64
85	3	12	2008	1390.6	edge		105.7	1093	44
86	3	1	2019	936.2	Piscivorous			756	1536
86	3	1	2019	936.2	1	2020	5728.1	755	448
86	3	1	2019	936.2	edge		2210.0	754	28
87	3	6	2014	1210.5	Piscivorous			714	1708
87	3	6	2014	1210.5	1	2015	2633.1	708	1208
87	3	6	2014	1210.5	2	2016	1057.4	705	1007
87	3	6	2014	1210.5	3	2017	1187.3	702	781
87	3	6	2014	1210.5	4	2018	1562.7	698	485
87	3	6	2014	1210.5	5	2019	822.4	696	328
87	3	6	2014	1210.5	6	2020	1199.2	693	100
87	3	6	2014	1210.5	edge		188.0	692	65
88	3	11	2009	1467.2	Piscivorous			673	1407
88	3	11	2009	1467.2	1	2010	2192.2	704	992
88	3	11	2009	1467.2	2	2011	481.9	711	901
88	3	11	2009	1467.2	3	2012	426.4	717	820
88	3	11	2009	1467.2	4	2013	869.7	730	655
88	3	11	2009	1467.2	5	2014	562.5	738	549
88	3	11	2009	1467.2	6	2015	436.1	744	466
88	3	11	2009	1467.2	7	2016	306.8	748	408
88	3	11	2009	1467.2	8	2017	559.5	756	302
88	3	11	2009	1467.2	9	2018	303.6	761	244
88	3	11	2009	1467.2	10	2019	391.6	766	170
88	3	11	2009	1467.2	11	2020	201.0	769	132
88	3	11	2009	1467.2	edge		274.9	773	80
89	3	5	2015	1314.9	Piscivorous			818	1772
89	3	5	2015	1314.9	1	2016	2800.5	801	1240
89	3	5	2015	1314.9	2	2017	3522.1	780	571
89	3	5	2015	1314.9	3	2018	927.6	774	395
89	3	5	2015	1314.9	4	2019	417.8	772	316
89	3	5	2015	1314.9	5	2020	670.3	768	189
89	3	5	2015	1314.9	edge		624.9	764	70
9	3	3	2017	1427.5	Piscivorous			810	1690
9	3	3	2017	1427.5	1	2018	4551.3	771	827
9	3	3	2017	1427.5	2	2019	2916.8	745	273
9	3	3	2017	1427.5	3	2020	835.4	738	114
9	3	3	2017	1427.5	edge		320.3	735	54
90	3	8	2011	955.2	Piscivorous			722	1257
90	3	8	2011	955.2	1	2012	2346.4	710	811
90	3	8	2011	955.2	2	2013	691.3	706	680
90	3	8	2011	955.2	3	2014	1032.1	700	484
90	3	8	2011	955.2	4	2015	632.0	697	364
90	3	8	2011	955.2	5	2016	664.4	694	238
90	3	8	2011	955.2	6	2017	430.9	691	156
90	3	8	2011	955.2	7	2018	316.3	690	96
90	3	8	2011	955.2	8	2019	231.8	688	52
90	3	8	2011	955.2	edge		63.1	688	40
91	3	10	2010	568.6	Piscivorous			787	1880
91	3	10	2010	568.6	1	2011	1897.2	771	1520
91	3	10	2010	568.6	2	2012	1586.5	758	1219
91	3	10	2010	568.6	3	2013	895.3	750	1049
91	3	10	2010	568.6	4	2014	747.6	744	907
91	3	10	2010	568.6	5	2015	680.2	738	778
91	3	10	2010	568.6	6	2016	1084.2	729	572
91	3	10	2010	568.6	7	2017	1182.1	719	348
91	3	10	2010	568.6	8	2018	1010.5	710	156
91	3	10	2010	568.6	9	2019	315.5	708	96
91	3	10	2010	568.6	10	2020	242.4	706	50
91	3	10	2010	568.6	edge		84.6	705	34
92	3	4	2016	1147.2	Piscivorous			687	1238
92	3	4	2016	1147.2	1	2017	2950.2	673	678
92	3	4	2016	1147.2	2	2018	926.2	668	502
92	3	4	2016	1147.2	3	2019	1794.6	660	161
92	3	4	2016	1147.2	4	2020	439.4	658	78
92	3	4	2016	1147.2	edge		257.4	656	29
93	3	4	2016	1832.8	Piscivorous			929	1643
93	3	4	2016	1832.8	1	2017	4081.7	800	878
93	3	4	2016	1832.8	2	2018	2032.3	737	498
93	3	4	2016	1832.8	3	2019	1169.2	700	278
93	3	4	2016	1832.8	4	2020	991.2	669	93
93	3	4	2016	1832.8	edge		235.4	661	49
94	3	1	2019	1463.3	Piscivorous			447	843
94	3	1	2019	1463.3	1	2020	4260.2	436	33
94	3	1	2019	1463.3	edge		-0.0	436	33
95	3	7	2012	1733.6	Piscivorous			963	1463
95	3	7	2012	1733.6	1	2013	2747.1	1022	945
95	3	7	2012	1733.6	2	2014	908.3	1042	773
95	3	7	2012	1733.6	3	2015	897.3	1061	604
95	3	7	2012	1733.6	4	2016	923.2	1081	429
95	3	7	2012	1733.6	5	2017	556.2	1092	324
95	3	7	2012	1733.6	6	2018	731.1	1108	186
95	3	7	2012	1733.6	7	2019	472.7	1118	97
95	3	7	2012	1733.6	edge		88.6	1120	80
96	3	4	2016	944.7	Piscivorous			650	1096
96	3	4	2016	944.7	1	2017	2357.1	649	648
96	3	4	2016	944.7	2	2018	1370.8	648	387
96	3	4	2016	944.7	3	2019	760.7	648	243
96	3	4	2016	944.7	4	2020	718.8	648	106
96	3	4	2016	944.7	edge		426.3	648	25
97	3	6	2013	1248.8	Piscivorous			629	1254
97	3	6	2013	1248.8	1	2014	2465.6	571	789
97	3	6	2013	1248.8	2	2015	914.9	549	616
97	3	6	2013	1248.8	3	2016	945.8	527	438
97	3	6	2013	1248.8	4	2017	629.1	512	320
97	3	6	2013	1248.8	5	2018	726.6	495	183
97	3	6	2013	1248.8	6	2019	552.1	481	78
97	3	6	2013	1248.8	edge		211.2	476	39
98	3	1	2019	1845.1	Piscivorous			419	824
98	3	1	2019	1845.1	1	2020	4086.9	484	50
98	3	1	2019	1845.1	edge		6.0	485	49
