Sample	Quality	Age	Cohort	Piscivorous	I	Year	Increment	X	Y
292	1	1	2019	1030.7	Piscivorous			1488	1771
292	1	1	2019	1030.7	1	2020	1375.3	1709	413
292	1	1	2019	1030.7	edge		78.2	1722	336
1	2	7	2013	673.1	Piscivorous			1680	2064
1	2	7	2013	673.1	1	2014	1030.5	1577	1039
1	2	7	2013	673.1	2	2015	261.1	1551	779
1	2	7	2013	673.1	3	2016	211.3	1530	569
1	2	7	2013	673.1	4	2017	117.0	1518	452
1	2	7	2013	673.1	5	2018	95.9	1509	357
1	2	7	2013	673.1	6	2019	113.4	1497	244
1	2	7	2013	673.1	7	2020	92.3	1488	152
1	2	7	2013	673.1	edge		120.6	1476	32
10	3	2	2018	823.2	Piscivorous			1780	1716
10	3	2	2018	823.2	1	2019	1401.6	1908	320
10	3	2	2018	823.2	2	2020	104.7	1917	216
10	3	2	2018	823.2	edge		116.5	1928	100
100	3	1	2019	714.9	Piscivorous			1788	1914
100	3	1	2019	714.9	1	2020	916.4	1880	1002
100	3	1	2019	714.9	edge		940.9	1974	66
101	2	2	2018	906.2	Piscivorous			1844	1960
101	2	2	2018	906.2	1	2019	1257.7	1681	713
101	2	2	2018	906.2	2	2020	616.5	1601	102
101	2	2	2018	906.2	edge		38.0	1596	64
102	3	9	2011	366.9	Piscivorous			1735	1903
102	3	9	2011	366.9	1	2012	458.7	1696	1446
102	3	9	2011	366.9	2	2013	240.9	1676	1206
102	3	9	2011	366.9	3	2014	301.5	1650	906
102	3	9	2011	366.9	4	2015	163.2	1636	743
102	3	9	2011	366.9	5	2016	137.2	1624	606
102	3	9	2011	366.9	6	2017	157.0	1611	450
102	3	9	2011	366.9	7	2018	189.6	1595	261
102	3	9	2011	366.9	8	2019	98.6	1586	163
102	3	9	2011	366.9	9	2020	75.5	1580	87
102	3	9	2011	366.9	edge		12.5	1579	75
103	1	3	2017	535.8	Piscivorous			1664	1792
103	1	3	2017	535.8	1	2018	839.4	1562	959
103	1	3	2017	535.8	2	2019	211.9	1537	748
103	1	3	2017	535.8	3	2020	356.8	1494	394
103	1	3	2017	535.8	edge		244.0	1464	152
104	2	4	2016	606.0	Piscivorous			1704	1800
104	2	4	2016	606.0	1	2017	881.6	1581	927
104	2	4	2016	606.0	2	2018	136.6	1562	792
104	2	4	2016	606.0	3	2019	190.5	1535	603
104	2	4	2016	606.0	4	2020	123.9	1518	480
104	2	4	2016	606.0	edge		212.6	1488	270
105	2	5	2015	630.8	Piscivorous			1660	1852
105	2	5	2015	630.8	1	2016	857.2	1678	995
105	2	5	2015	630.8	2	2017	201.7	1683	793
105	2	5	2015	630.8	3	2018	162.0	1686	631
105	2	5	2015	630.8	4	2019	198.5	1690	433
105	2	5	2015	630.8	5	2020	184.2	1694	249
105	2	5	2015	630.8	edge		88.7	1696	160
106	3	4	2016	688.9	Piscivorous			1750	1877
106	3	4	2016	688.9	1	2017	906.5	1717	971
106	3	4	2016	688.9	2	2018	307.1	1705	665
106	3	4	2016	688.9	3	2019	172.2	1699	492
106	3	4	2016	688.9	4	2020	237.9	1690	255
106	3	4	2016	688.9	edge		33.5	1689	221
107	3	3	2017	861.7	Piscivorous			1951	1898
107	3	3	2017	861.7	1	2018	1697.9	1227	362
107	3	3	2017	861.7	2	2019	133.7	1170	241
107	3	3	2017	861.7	3	2020	191.6	1089	67
107	3	3	2017	861.7	edge		15.7	1082	53
108	3	2	2018	760.1	Piscivorous			1855	1873
108	3	2	2018	760.1	1	2019	1228.0	1725	652
108	3	2	2018	760.1	2	2020	103.5	1714	549
108	3	2	2018	760.1	edge		212.2	1691	338
109	3	6	2014	496.0	Piscivorous			1471	1922
109	3	6	2014	496.0	1	2015	864.7	1470	1058
109	3	6	2014	496.0	2	2016	266.5	1469	791
109	3	6	2014	496.0	3	2017	241.8	1468	549
109	3	6	2014	496.0	4	2018	159.9	1468	390
109	3	6	2014	496.0	5	2019	98.4	1468	291
109	3	6	2014	496.0	6	2020	90.2	1468	201
109	3	6	2014	496.0	edge		82.1	1467	119
11	2	3	2017	515.0	Piscivorous			1672	1713
11	2	3	2017	515.0	1	2018	885.8	1663	828
11	2	3	2017	515.0	2	2019	290.8	1659	537
11	2	3	2017	515.0	3	2020	184.5	1657	352
11	2	3	2017	515.0	edge		122.7	1656	230
110	2	2	2018	764.6	Piscivorous			1676	1936
110	2	2	2018	764.6	1	2019	1125.2	1618	812
110	2	2	2018	764.6	2	2020	548.9	1590	264
110	2	2	2018	764.6	edge		188.4	1580	76
111	3	0	2020	709.2	Piscivorous			1808	1722
111	3	0	2020	709.2	edge		1578.3	1832	143
112	1	5	2015	600.1	Piscivorous			1508	1800
112	1	5	2015	600.1	1	2016	772.0	1541	1029
112	1	5	2015	600.1	2	2017	161.7	1548	867
112	1	5	2015	600.1	3	2018	206.9	1556	660
112	1	5	2015	600.1	4	2019	216.6	1566	444
112	1	5	2015	600.1	5	2020	162.2	1572	282
112	1	5	2015	600.1	edge		36.0	1574	246
113	3	8	2012	603.8	Piscivorous			1508	1931
113	3	8	2012	603.8	1	2013	785.0	1563	1147
113	3	8	2012	603.8	2	2014	211.2	1577	937
113	3	8	2012	603.8	3	2015	334.4	1601	603
113	3	8	2012	603.8	4	2016	198.8	1614	405
113	3	8	2012	603.8	5	2017	122.8	1623	282
113	3	8	2012	603.8	6	2018	61.2	1627	221
113	3	8	2012	603.8	7	2019	59.4	1631	162
113	3	8	2012	603.8	8	2020	66.7	1636	95
113	3	8	2012	603.8	edge		54.6	1640	41
114	2	6	2014	615.7	Piscivorous			1674	1797
114	2	6	2014	615.7	1	2015	936.5	1716	861
114	2	6	2014	615.7	2	2016	153.9	1723	708
114	2	6	2014	615.7	3	2017	158.6	1731	549
114	2	6	2014	615.7	4	2018	96.4	1735	453
114	2	6	2014	615.7	5	2019	118.1	1740	335
114	2	6	2014	615.7	6	2020	71.9	1743	263
114	2	6	2014	615.7	edge		56.1	1746	207
115	2	5	2015	566.7	Piscivorous			1570	1856
115	2	5	2015	566.7	1	2016	865.1	1481	996
115	2	5	2015	566.7	2	2017	245.0	1456	752
115	2	5	2015	566.7	3	2018	118.4	1444	634
115	2	5	2015	566.7	4	2019	256.0	1417	380
115	2	5	2015	566.7	5	2020	180.8	1399	200
115	2	5	2015	566.7	edge		150.4	1383	50
116	2	7	2013	622.2	Piscivorous			1748	2068
116	2	7	2013	622.2	1	2014	968.0	1742	1100
116	2	7	2013	622.2	2	2015	183.9	1741	916
116	2	7	2013	622.2	3	2016	332.0	1739	584
116	2	7	2013	622.2	4	2017	228.2	1738	356
116	2	7	2013	622.2	5	2018	99.9	1737	256
116	2	7	2013	622.2	6	2019	72.0	1737	184
116	2	7	2013	622.2	7	2020	56.1	1736	128
116	2	7	2013	622.2	edge		55.9	1736	72
118	3	3	2017	586.7	Piscivorous			1353	1512
118	3	3	2017	586.7	1	2018	955.0	1347	557
118	3	3	2017	586.7	2	2019	147.6	1346	410
118	3	3	2017	586.7	3	2020	151.7	1345	258
118	3	3	2017	586.7	edge		159.8	1344	98
119	2	5	2015	426.6	Piscivorous			1623	1795
119	2	5	2015	426.6	1	2016	1046.9	1679	750
119	2	5	2015	426.6	2	2017	0.0	1679	750
119	2	5	2015	426.6	3	2018	144.6	1687	606
119	2	5	2015	426.6	4	2019	227.7	1699	378
119	2	5	2015	426.6	5	2020	192.6	1709	186
119	2	5	2015	426.6	edge		75.3	1713	111
12	2	2	2018	1136.8	Piscivorous			1635	1836
12	2	2	2018	1136.8	1	2019	1360.9	1618	476
12	2	2	2018	1136.8	2	2020	188.6	1616	287
12	2	2	2018	1136.8	edge		45.1	1615	242
120	2	6	2014	369.9	Piscivorous			1808	1717
120	2	6	2014	369.9	1	2015	632.0	1737	1089
120	2	6	2014	369.9	2	2016	130.9	1722	959
120	2	6	2014	369.9	3	2017	139.9	1707	820
120	2	6	2014	369.9	4	2018	356.1	1667	467
120	2	6	2014	369.9	5	2019	89.6	1657	377
120	2	6	2014	369.9	6	2020	69.2	1649	309
120	2	6	2014	369.9	edge		83.8	1640	225
121	1	4	2016	639.0	Piscivorous			1686	1680
121	1	4	2016	639.0	1	2017	765.0	1525	932
121	1	4	2016	639.0	2	2018	78.8	1509	855
121	1	4	2016	639.0	3	2019	177.7	1472	681
121	1	4	2016	639.0	4	2020	146.5	1441	538
121	1	4	2016	639.0	edge		304.9	1377	240
122	2	9	2011	408.2	Piscivorous			1973	1917
122	2	9	2011	408.2	1	2012	565.1	1961	1352
122	2	9	2011	408.2	2	2013	311.0	1954	1041
122	2	9	2011	408.2	3	2014	248.2	1948	793
122	2	9	2011	408.2	4	2015	133.6	1945	659
122	2	9	2011	408.2	5	2016	111.0	1943	548
122	2	9	2011	408.2	6	2017	147.7	1940	401
122	2	9	2011	408.2	7	2018	111.9	1937	289
122	2	9	2011	408.2	8	2019	112.5	1935	176
122	2	9	2011	408.2	9	2020	79.9	1933	97
122	2	9	2011	408.2	edge		81.6	1931	15
123	2	2	2018	963.5	Piscivorous			1660	1906
123	2	2	2018	963.5	1	2019	1229.7	1677	676
123	2	2	2018	963.5	2	2020	307.7	1681	369
123	2	2	2018	963.5	edge		290.9	1685	78
124	2	2	2018	896.0	Piscivorous			1752	1644
124	2	2	2018	896.0	1	2019	1055.6	1670	592
124	2	2	2018	896.0	2	2020	280.3	1648	312
124	2	2	2018	896.0	edge		160.6	1636	152
125	2	5	2015	624.8	Piscivorous			1428	1744
125	2	5	2015	624.8	1	2016	948.6	1400	796
125	2	5	2015	624.8	2	2017	279.9	1392	516
125	2	5	2015	624.8	3	2018	199.9	1386	316
125	2	5	2015	624.8	4	2019	72.2	1384	244
125	2	5	2015	624.8	5	2020	84.8	1382	159
125	2	5	2015	624.8	edge		51.3	1380	108
126	2	4	2016	409.9	Piscivorous			1824	1672
126	2	4	2016	409.9	1	2017	980.5	1870	693
126	2	4	2016	409.9	2	2018	132.0	1877	561
126	2	4	2016	409.9	3	2019	179.7	1885	382
126	2	4	2016	409.9	4	2020	159.4	1893	222
126	2	4	2016	409.9	edge		107.8	1898	115
127	3	4	2016	668.2	Piscivorous			1644	1832
127	3	4	2016	668.2	1	2017	912.3	1577	922
127	3	4	2016	668.2	2	2018	291.4	1556	632
127	3	4	2016	668.2	3	2019	143.4	1546	489
127	3	4	2016	668.2	4	2020	210.0	1530	279
127	3	4	2016	668.2	edge		78.6	1525	201
128	3	6	2014	874.5	Piscivorous			1824	1984
128	3	6	2014	874.5	1	2015	1254.3	1724	733
128	3	6	2014	874.5	2	2016	192.4	1709	542
128	3	6	2014	874.5	3	2017	113.6	1700	428
128	3	6	2014	874.5	4	2018	147.1	1688	282
128	3	6	2014	874.5	5	2019	106.2	1680	176
128	3	6	2014	874.5	6	2020	97.4	1672	79
128	3	6	2014	874.5	edge		50.3	1668	29
129	3	6	2014	660.0	Piscivorous			1828	1799
129	3	6	2014	660.0	1	2015	889.3	1824	910
129	3	6	2014	660.0	2	2016	139.3	1823	771
129	3	6	2014	660.0	3	2017	139.3	1822	631
129	3	6	2014	660.0	4	2018	156.2	1821	475
129	3	6	2014	660.0	5	2019	126.7	1821	349
129	3	6	2014	660.0	6	2020	106.6	1820	242
129	3	6	2014	660.0	edge		73.9	1820	168
13	1	6	2014	796.2	Piscivorous			1664	1865
13	1	6	2014	796.2	1	2015	904.0	1687	961
13	1	6	2014	796.2	2	2016	144.0	1691	817
13	1	6	2014	796.2	3	2017	209.6	1697	608
13	1	6	2014	796.2	4	2018	163.3	1701	445
13	1	6	2014	796.2	5	2019	161.4	1705	283
13	1	6	2014	796.2	6	2020	96.0	1707	187
13	1	6	2014	796.2	edge		68.4	1709	119
130	1	3	2017	922.2	Piscivorous			1742	1836
130	1	3	2017	922.2	1	2018	1145.6	1655	694
130	1	3	2017	922.2	2	2019	384.5	1626	311
130	1	3	2017	922.2	3	2020	207.1	1611	104
130	1	3	2017	922.2	edge		50.9	1607	53
131	2	0	2020	665.3	Piscivorous			1705	1873
131	2	0	2020	665.3	edge		1590.6	1730	283
132	2	7	2013	434.9	Piscivorous			1697	2004
132	2	7	2013	434.9	1	2014	636.7	1562	1382
132	2	7	2013	434.9	2	2015	338.7	1490	1051
132	2	7	2013	434.9	3	2016	121.0	1464	933
132	2	7	2013	434.9	4	2017	245.4	1412	693
132	2	7	2013	434.9	5	2018	283.7	1352	416
132	2	7	2013	434.9	6	2019	239.6	1302	182
132	2	7	2013	434.9	7	2020	101.4	1280	83
132	2	7	2013	434.9	edge		63.6	1267	20
133	2	3	2017	780.9	Piscivorous			1955	1791
133	2	3	2017	780.9	1	2018	1145.3	1696	676
133	2	3	2017	780.9	2	2019	137.3	1665	542
133	2	3	2017	780.9	3	2020	185.2	1623	361
133	2	3	2017	780.9	edge		198.5	1578	168
134	1	2	2018	720.4	Piscivorous			1709	1812
134	1	2	2018	720.4	1	2019	1015.3	1594	803
134	1	2	2018	720.4	2	2020	353.5	1553	452
134	1	2	2018	720.4	edge		359.9	1512	94
135	2	4	2016	521.3	Piscivorous			1406	1947
135	2	4	2016	521.3	1	2017	901.0	1484	1049
135	2	4	2016	521.3	2	2018	404.6	1520	646
135	2	4	2016	521.3	3	2019	287.3	1545	360
135	2	4	2016	521.3	4	2020	122.5	1555	238
135	2	4	2016	521.3	edge		74.4	1562	164
136	2	8	2012	418.1	Piscivorous			1828	2254
136	2	8	2012	418.1	1	2013	708.7	1801	1546
136	2	8	2012	418.1	2	2014	237.2	1792	1309
136	2	8	2012	418.1	3	2015	341.2	1778	968
136	2	8	2012	418.1	4	2016	216.3	1770	752
136	2	8	2012	418.1	5	2017	173.6	1763	579
136	2	8	2012	418.1	6	2018	200.9	1756	378
136	2	8	2012	418.1	7	2019	221.5	1747	157
136	2	8	2012	418.1	8	2020	66.8	1744	90
136	2	8	2012	418.1	edge		61.1	1742	29
137	1	2	2018	857.3	Piscivorous			1931	1795
137	1	2	2018	857.3	1	2019	1138.3	1819	663
137	1	2	2018	857.3	2	2020	340.2	1786	324
137	1	2	2018	857.3	edge		276.1	1758	49
138	1	3	2017	534.5	Piscivorous			1404	1844
138	1	3	2017	534.5	1	2018	889.0	1517	962
138	1	3	2017	534.5	2	2019	636.1	1598	331
138	1	3	2017	534.5	3	2020	144.9	1616	187
138	1	3	2017	534.5	edge		64.0	1624	124
139	1	5	2015	603.9	Piscivorous			1656	1918
139	1	5	2015	603.9	1	2016	787.5	1628	1131
139	1	5	2015	603.9	2	2017	336.9	1616	795
139	1	5	2015	603.9	3	2018	188.7	1610	606
139	1	5	2015	603.9	4	2019	151.5	1604	455
139	1	5	2015	603.9	5	2020	208.9	1597	246
139	1	5	2015	603.9	edge		192.7	1590	53
14	2	3	2017	845.2	Piscivorous			2062	1963
14	2	3	2017	845.2	1	2018	1710.3	1433	373
14	2	3	2017	845.2	2	2019	93.6	1399	286
14	2	3	2017	845.2	3	2020	114.2	1357	179
14	2	3	2017	845.2	edge		78.4	1328	107
140	2	3	2017	633.5	Piscivorous			1508	1681
140	2	3	2017	633.5	1	2018	854.4	1389	835
140	2	3	2017	633.5	2	2019	332.8	1342	505
140	2	3	2017	633.5	3	2020	219.1	1311	288
140	2	3	2017	633.5	edge		55.1	1303	234
141	2	8	2012	418.3	Piscivorous			2000	1932
141	2	8	2012	418.3	1	2013	558.4	1917	1380
141	2	8	2012	418.3	2	2014	255.1	1879	1128
141	2	8	2012	418.3	3	2015	242.1	1843	888
141	2	8	2012	418.3	4	2016	227.5	1809	663
141	2	8	2012	418.3	5	2017	137.5	1788	527
141	2	8	2012	418.3	6	2018	143.6	1767	385
141	2	8	2012	418.3	7	2019	170.9	1741	216
141	2	8	2012	418.3	8	2020	101.9	1726	116
141	2	8	2012	418.3	edge		40.1	1720	76
142	2	9	2011	357.8	Piscivorous			1574	1767
142	2	9	2011	357.8	1	2012	489.8	1529	1279
142	2	9	2011	357.8	2	2013	197.0	1511	1083
142	2	9	2011	357.8	3	2014	230.8	1490	853
142	2	9	2011	357.8	4	2015	223.0	1470	631
142	2	9	2011	357.8	5	2016	121.0	1459	510
142	2	9	2011	357.8	6	2017	111.0	1448	400
142	2	9	2011	357.8	7	2018	77.5	1441	322
142	2	9	2011	357.8	8	2019	88.0	1433	235
142	2	9	2011	357.8	9	2020	83.1	1426	152
142	2	9	2011	357.8	edge		82.8	1418	70
143	1	8	2012	414.0	Piscivorous			1488	1939
143	1	8	2012	414.0	1	2013	532.9	1494	1406
143	1	8	2012	414.0	2	2014	209.1	1496	1197
143	1	8	2012	414.0	3	2015	242.0	1498	955
143	1	8	2012	414.0	4	2016	258.0	1501	697
143	1	8	2012	414.0	5	2017	163.9	1503	533
143	1	8	2012	414.0	6	2018	90.2	1504	443
143	1	8	2012	414.0	7	2019	90.2	1505	353
143	1	8	2012	414.0	8	2020	217.4	1507	135
143	1	8	2012	414.0	edge		118.8	1508	16
144	2	6	2014	566.4	Piscivorous			1914	1881
144	2	6	2014	566.4	1	2015	814.7	1688	1099
144	2	6	2014	566.4	2	2016	238.1	1622	870
144	2	6	2014	566.4	3	2017	179.0	1573	698
144	2	6	2014	566.4	4	2018	268.6	1498	440
144	2	6	2014	566.4	5	2019	167.2	1452	279
144	2	6	2014	566.4	6	2020	101.9	1424	181
144	2	6	2014	566.4	edge		94.6	1398	90
145	2	8	2012	319.7	Piscivorous			1512	1857
145	2	8	2012	319.7	1	2013	655.6	1567	1204
145	2	8	2012	319.7	2	2014	159.7	1581	1044
145	2	8	2012	319.7	3	2015	148.4	1593	897
145	2	8	2012	319.7	4	2016	286.3	1617	611
145	2	8	2012	319.7	5	2017	103.5	1626	508
145	2	8	2012	319.7	6	2018	185.9	1641	323
145	2	8	2012	319.7	7	2019	97.3	1649	226
145	2	8	2012	319.7	8	2020	83.1	1656	143
145	2	8	2012	319.7	edge		94.3	1664	49
146	1	4	2016	652.1	Piscivorous			1868	1952
146	1	4	2016	652.1	1	2017	940.5	1811	1013
146	1	4	2016	652.1	2	2018	253.8	1796	760
146	1	4	2016	652.1	3	2019	354.0	1774	407
146	1	4	2016	652.1	4	2020	203.3	1762	204
146	1	4	2016	652.1	edge		167.9	1752	36
147	3	8	2012	270.7	Piscivorous			1787	2004
147	3	8	2012	270.7	1	2013	647.7	1801	1357
147	3	8	2012	270.7	2	2014	246.0	1806	1111
147	3	8	2012	270.7	3	2015	155.5	1809	955
147	3	8	2012	270.7	4	2016	205.2	1813	750
147	3	8	2012	270.7	5	2017	148.1	1816	602
147	3	8	2012	270.7	6	2018	240.7	1821	361
147	3	8	2012	270.7	7	2019	160.1	1825	201
147	3	8	2012	270.7	8	2020	71.1	1826	130
147	3	8	2012	270.7	edge		93.5	1828	37
148	1	3	2017	656.0	Piscivorous			1691	1840
148	1	3	2017	656.0	1	2018	932.4	1668	908
148	1	3	2017	656.0	2	2019	108.1	1665	800
148	1	3	2017	656.0	3	2020	259.7	1658	540
148	1	3	2017	656.0	edge		292.3	1651	248
149	2	8	2012	414.2	Piscivorous			1582	1881
149	2	8	2012	414.2	1	2013	521.8	1550	1361
149	2	8	2012	414.2	2	2014	106.1	1543	1255
149	2	8	2012	414.2	3	2015	122.0	1536	1133
149	2	8	2012	414.2	4	2016	225.3	1522	908
149	2	8	2012	414.2	5	2017	137.8	1513	771
149	2	8	2012	414.2	6	2018	213.2	1500	558
149	2	8	2012	414.2	7	2019	131.7	1492	426
149	2	8	2012	414.2	8	2020	78.2	1487	348
149	2	8	2012	414.2	edge		57.3	1484	291
15	2	2	2018	750.9	Piscivorous			1492	1705
15	2	2	2018	750.9	1	2019	1189.3	1589	520
15	2	2	2018	750.9	2	2020	199.5	1606	321
15	2	2	2018	750.9	edge		211.0	1623	111
150	1	6	2014	516.9	Piscivorous			1754	1750
150	1	6	2014	516.9	1	2015	637.9	1782	1113
150	1	6	2014	516.9	2	2016	170.7	1789	942
150	1	6	2014	516.9	3	2017	143.5	1796	799
150	1	6	2014	516.9	4	2018	190.3	1804	609
150	1	6	2014	516.9	5	2019	113.3	1809	496
150	1	6	2014	516.9	6	2020	159.9	1816	336
150	1	6	2014	516.9	edge		98.3	1820	238
151	3	9	2011	383.4	Piscivorous			1406	1615
151	3	9	2011	383.4	1	2012	614.4	1321	1006
151	3	9	2011	383.4	2	2013	102.6	1306	905
151	3	9	2011	383.4	3	2014	223.7	1275	683
151	3	9	2011	383.4	4	2015	122.9	1258	562
151	3	9	2011	383.4	5	2016	114.8	1242	448
151	3	9	2011	383.4	6	2017	115.9	1226	333
151	3	9	2011	383.4	7	2018	50.4	1219	283
151	3	9	2011	383.4	8	2019	69.6	1210	214
151	3	9	2011	383.4	9	2020	63.7	1201	151
151	3	9	2011	383.4	edge		57.4	1193	94
152	2	5	2015	488.0	Piscivorous			1709	1972
152	2	5	2015	488.0	1	2016	1151.3	1666	821
152	2	5	2015	488.0	2	2017	148.4	1660	673
152	2	5	2015	488.0	3	2018	126.5	1655	546
152	2	5	2015	488.0	4	2019	125.8	1650	421
152	2	5	2015	488.0	5	2020	192.7	1643	228
152	2	5	2015	488.0	edge		93.0	1640	135
153	2	3	2017	1071.9	Piscivorous			1708	2000
153	2	3	2017	1071.9	1	2018	1488.3	1882	522
153	2	3	2017	1071.9	2	2019	223.3	1908	300
153	2	3	2017	1071.9	3	2020	210.7	1933	91
153	2	3	2017	1071.9	edge		59.4	1940	32
154	2	6	2014	416.7	Piscivorous			1758	1797
154	2	6	2014	416.7	1	2015	574.9	1793	1223
154	2	6	2014	416.7	2	2016	381.6	1816	842
154	2	6	2014	416.7	3	2017	197.6	1828	645
154	2	6	2014	416.7	4	2018	169.4	1838	476
154	2	6	2014	416.7	5	2019	171.1	1848	305
154	2	6	2014	416.7	6	2020	188.5	1860	117
154	2	6	2014	416.7	edge		34.9	1862	82
155	1	3	2017	752.0	Piscivorous			1602	1662
155	1	3	2017	752.0	1	2018	912.5	1691	754
155	1	3	2017	752.0	2	2019	302.6	1720	453
155	1	3	2017	752.0	3	2020	128.6	1733	325
155	1	3	2017	752.0	edge		133.4	1746	192
156	2	4	2016	557.5	Piscivorous			1734	1894
156	2	4	2016	557.5	1	2017	1031.4	1809	865
156	2	4	2016	557.5	2	2018	161.2	1821	704
156	2	4	2016	557.5	3	2019	328.3	1845	377
156	2	4	2016	557.5	4	2020	273.7	1864	104
156	2	4	2016	557.5	edge		63.1	1869	41
157	2	5	2015	348.3	Piscivorous			1509	1920
157	2	5	2015	348.3	1	2016	711.3	1433	1213
157	2	5	2015	348.3	2	2017	231.8	1408	982
157	2	5	2015	348.3	3	2018	472.9	1358	512
157	2	5	2015	348.3	4	2019	218.0	1334	295
157	2	5	2015	348.3	5	2020	104.5	1323	191
157	2	5	2015	348.3	edge		56.8	1317	135
158	2	5	2015	422.6	Piscivorous			1422	2066
158	2	5	2015	422.6	1	2016	991.6	1386	1075
158	2	5	2015	422.6	2	2017	259.8	1377	815
158	2	5	2015	422.6	3	2018	253.9	1367	562
158	2	5	2015	422.6	4	2019	168.3	1361	393
158	2	5	2015	422.6	5	2020	178.6	1355	215
158	2	5	2015	422.6	edge		55.0	1353	160
159	2	5	2015	420.8	Piscivorous			1594	1815
159	2	5	2015	420.8	1	2016	632.7	1577	1183
159	2	5	2015	420.8	2	2017	202.3	1571	980
159	2	5	2015	420.8	3	2018	296.3	1563	684
159	2	5	2015	420.8	4	2019	270.4	1556	414
159	2	5	2015	420.8	5	2020	149.4	1552	264
159	2	5	2015	420.8	edge		78.4	1550	186
16	2	5	2015	410.0	Piscivorous			1972	1800
16	2	5	2015	410.0	1	2016	591.9	1982	1208
16	2	5	2015	410.0	2	2017	384.4	1989	824
16	2	5	2015	410.0	3	2018	198.9	1992	625
16	2	5	2015	410.0	4	2019	246.2	1996	379
16	2	5	2015	410.0	5	2020	147.9	1999	231
16	2	5	2015	410.0	edge		75.0	2000	156
160	2	9	2011	200.0	Piscivorous			1824	1759
160	2	9	2011	200.0	1	2012	298.4	1802	1461
160	2	9	2011	200.0	2	2013	220.2	1785	1242
160	2	9	2011	200.0	3	2014	209.6	1770	1033
160	2	9	2011	200.0	4	2015	169.3	1757	864
160	2	9	2011	200.0	5	2016	133.0	1747	731
160	2	9	2011	200.0	6	2017	144.5	1736	587
160	2	9	2011	200.0	7	2018	128.9	1727	459
160	2	9	2011	200.0	8	2019	74.1	1721	385
160	2	9	2011	200.0	9	2020	127.0	1712	258
160	2	9	2011	200.0	edge		77.5	1706	181
161	2	3	2017	348.8	Piscivorous			1881	1771
161	2	3	2017	348.8	1	2018	959.5	1836	812
161	2	3	2017	348.8	2	2019	159.0	1828	653
161	2	3	2017	348.8	3	2020	120.6	1823	533
161	2	3	2017	348.8	edge		488.4	1799	45
162	2	3	2017	1081.6	Piscivorous			1800	2160
162	2	3	2017	1081.6	1	2018	1526.6	1652	641
162	2	3	2017	1081.6	2	2019	311.3	1621	331
162	2	3	2017	1081.6	3	2020	211.0	1601	121
162	2	3	2017	1081.6	edge		79.1	1593	42
163	2	5	2015	294.4	Piscivorous			1892	1756
163	2	5	2015	294.4	1	2016	436.1	1882	1320
163	2	5	2015	294.4	2	2017	347.9	1875	972
163	2	5	2015	294.4	3	2018	388.2	1866	584
163	2	5	2015	294.4	4	2019	152.3	1863	432
163	2	5	2015	294.4	5	2020	161.9	1859	270
163	2	5	2015	294.4	edge		134.1	1856	136
164	2	6	2014	274.1	Piscivorous			1473	1767
164	2	6	2014	274.1	1	2015	572.2	1303	1221
164	2	6	2014	274.1	2	2016	293.3	1216	941
164	2	6	2014	274.1	3	2017	270.4	1135	683
164	2	6	2014	274.1	4	2018	221.0	1069	471
164	2	6	2014	274.1	5	2019	146.0	1026	332
164	2	6	2014	274.1	6	2020	77.0	1003	259
164	2	6	2014	274.1	edge		54.0	987	207
165	2	3	2017	554.0	Piscivorous			1619	1713
165	2	3	2017	554.0	1	2018	762.2	1480	964
165	2	3	2017	554.0	2	2019	136.8	1455	830
165	2	3	2017	554.0	3	2020	273.4	1405	561
165	2	3	2017	554.0	edge		328.6	1344	238
166	2	5	2015	567.8	Piscivorous			1398	1771
166	2	5	2015	567.8	1	2016	719.7	1478	1055
166	2	5	2015	567.8	2	2017	228.6	1503	828
166	2	5	2015	567.8	3	2018	189.7	1524	640
166	2	5	2015	567.8	4	2019	136.7	1540	504
166	2	5	2015	567.8	5	2020	144.9	1556	360
166	2	5	2015	567.8	edge		53.0	1562	307
167	3	5	2015	509.6	Piscivorous			1631	1722
167	3	5	2015	509.6	1	2016	786.2	1601	936
167	3	5	2015	509.6	2	2017	329.3	1588	607
167	3	5	2015	509.6	3	2018	193.1	1580	414
167	3	5	2015	509.6	4	2019	119.3	1576	295
167	3	5	2015	509.6	5	2020	135.0	1570	160
167	3	5	2015	509.6	edge		118.9	1566	41
168	3	6	2014	571.2	Piscivorous			1562	1844
168	3	6	2014	571.2	1	2015	792.6	1492	1055
168	3	6	2014	571.2	2	2016	204.7	1474	851
168	3	6	2014	571.2	3	2017	232.0	1454	620
168	3	6	2014	571.2	4	2018	105.1	1444	515
168	3	6	2014	571.2	5	2019	166.6	1430	349
168	3	6	2014	571.2	6	2020	191.5	1413	159
168	3	6	2014	571.2	edge		80.9	1406	78
169	2	3	2017	729.0	Piscivorous			1740	1791
169	2	3	2017	729.0	1	2018	1002.8	1702	789
169	2	3	2017	729.0	2	2019	295.5	1691	494
169	2	3	2017	729.0	3	2020	190.1	1683	304
169	2	3	2017	729.0	edge		165.8	1677	138
17	2	1	2019	693.6	Piscivorous			1619	1908
17	2	1	2019	693.6	1	2020	1086.1	1628	822
17	2	1	2019	693.6	edge		674.9	1634	147
170	2	3	2017	814.0	Piscivorous			1885	1611
170	2	3	2017	814.0	1	2018	1016.3	2016	603
170	2	3	2017	814.0	2	2019	234.7	2046	370
170	2	3	2017	814.0	3	2020	164.6	2067	207
170	2	3	2017	814.0	edge		146.6	2086	61
171	2	4	2016	973.2	Piscivorous			1636	1872
171	2	4	2016	973.2	1	2017	1172.9	1536	703
171	2	4	2016	973.2	2	2018	169.3	1522	535
171	2	4	2016	973.2	3	2019	243.1	1501	292
171	2	4	2016	973.2	4	2020	146.4	1489	147
171	2	4	2016	973.2	edge		54.8	1484	92
172	3	8	2012	398.4	Piscivorous			1652	2099
172	3	8	2012	398.4	1	2013	721.4	1653	1377
172	3	8	2012	398.4	2	2014	196.8	1654	1180
172	3	8	2012	398.4	3	2015	307.4	1654	873
172	3	8	2012	398.4	4	2016	184.5	1655	689
172	3	8	2012	398.4	5	2017	204.9	1655	484
172	3	8	2012	398.4	6	2018	139.2	1655	344
172	3	8	2012	398.4	7	2019	180.5	1656	164
172	3	8	2012	398.4	8	2020	94.2	1656	70
172	3	8	2012	398.4	edge		53.2	1656	16
173	2	4	2016	505.5	Piscivorous			1652	1689
173	2	4	2016	505.5	1	2017	682.7	1543	1015
173	2	4	2016	505.5	2	2018	143.6	1520	873
173	2	4	2016	505.5	3	2019	314.6	1470	562
173	2	4	2016	505.5	4	2020	208.2	1437	357
173	2	4	2016	505.5	edge		141.5	1414	217
174	2	2	2018	829.2	Piscivorous			1697	1943
174	2	2	2018	829.2	1	2019	1061.4	1848	892
174	2	2	2018	829.2	2	2020	695.0	1947	204
174	2	2	2018	829.2	edge		173.4	1972	33
175	1	9	2011	395.2	Piscivorous			1890	2217
175	1	9	2011	395.2	1	2012	737.8	1888	1480
175	1	9	2011	395.2	2	2013	170.7	1888	1309
175	1	9	2011	395.2	3	2014	231.0	1887	1078
175	1	9	2011	395.2	4	2015	156.0	1887	922
175	1	9	2011	395.2	5	2016	146.0	1887	776
175	1	9	2011	395.2	6	2017	236.0	1886	540
175	1	9	2011	395.2	7	2018	196.0	1886	344
175	1	9	2011	395.2	8	2019	148.0	1886	196
175	1	9	2011	395.2	9	2020	108.0	1886	88
175	1	9	2011	395.2	edge		59.3	1885	29
176	2	1	2019	1005.1	Piscivorous			1414	1885
176	2	1	2019	1005.1	1	2020	1524.9	1447	361
176	2	1	2019	1005.1	edge		188.9	1451	172
177	2	8	2012	267.0	Piscivorous			1596	1908
177	2	8	2012	267.0	1	2013	639.5	1728	1282
177	2	8	2012	267.0	2	2014	180.5	1765	1106
177	2	8	2012	267.0	3	2015	175.7	1801	934
177	2	8	2012	267.0	4	2016	214.9	1845	723
177	2	8	2012	267.0	5	2017	211.9	1889	516
177	2	8	2012	267.0	6	2018	183.8	1926	336
177	2	8	2012	267.0	7	2019	96.4	1946	242
177	2	8	2012	267.0	8	2020	81.8	1963	162
177	2	8	2012	267.0	edge		63.0	1976	100
178	2	0	2020	1063.0	Piscivorous			1716	1880
178	2	0	2020	1063.0	edge		1739.4	1556	148
179	2	6	2014	426.5	Piscivorous			1615	1873
179	2	6	2014	426.5	1	2015	816.7	1570	1058
179	2	6	2014	426.5	2	2016	216.2	1558	842
179	2	6	2014	426.5	3	2017	240.6	1545	602
179	2	6	2014	426.5	4	2018	210.3	1534	392
179	2	6	2014	426.5	5	2019	86.4	1529	305
179	2	6	2014	426.5	6	2020	84.7	1524	221
179	2	6	2014	426.5	edge		65.2	1521	156
18	2	4	2016	747.2	Piscivorous			1713	1800
18	2	4	2016	747.2	1	2017	1036.1	1905	782
18	2	4	2016	747.2	2	2018	276.6	1957	510
18	2	4	2016	747.2	3	2019	158.9	1986	354
18	2	4	2016	747.2	4	2020	134.2	2011	222
18	2	4	2016	747.2	edge		58.2	2022	165
180	1	5	2015	525.2	Piscivorous			1771	1689
180	1	5	2015	525.2	1	2016	760.5	1649	938
180	1	5	2015	525.2	2	2017	234.8	1612	706
180	1	5	2015	525.2	3	2018	180.2	1583	528
180	1	5	2015	525.2	4	2019	131.8	1562	398
180	1	5	2015	525.2	5	2020	110.5	1544	289
180	1	5	2015	525.2	edge		68.7	1533	221
181	2	4	2016	763.8	Piscivorous			1738	1980
181	2	4	2016	763.8	1	2017	1077.6	1484	933
181	2	4	2016	763.8	2	2018	356.0	1400	587
181	2	4	2016	763.8	3	2019	331.0	1322	265
181	2	4	2016	763.8	4	2020	156.1	1285	113
181	2	4	2016	763.8	edge		95.5	1262	20
182	2	2	2018	812.1	Piscivorous			2119	1898
182	2	2	2018	812.1	1	2019	1669.6	1432	376
182	2	2	2018	812.1	2	2020	170.0	1362	221
182	2	2	2018	812.1	edge		161.8	1295	74
183	2	5	2015	668.4	Piscivorous			1593	1836
183	2	5	2015	668.4	1	2016	885.7	1558	951
183	2	5	2015	668.4	2	2017	222.1	1549	729
183	2	5	2015	668.4	3	2018	210.0	1541	519
183	2	5	2015	668.4	4	2019	141.6	1535	378
183	2	5	2015	668.4	5	2020	80.7	1532	297
183	2	5	2015	668.4	edge		123.3	1527	174
184	2	6	2014	385.5	Piscivorous			1816	1894
184	2	6	2014	385.5	1	2015	542.0	1635	1383
184	2	6	2014	385.5	2	2016	219.6	1562	1176
184	2	6	2014	385.5	3	2017	100.2	1529	1081
184	2	6	2014	385.5	4	2018	320.9	1422	779
184	2	6	2014	385.5	5	2019	143.6	1374	643
184	2	6	2014	385.5	6	2020	307.1	1271	354
184	2	6	2014	385.5	edge		162.1	1217	201
185	2	6	2014	313.2	Piscivorous			1832	1717
185	2	6	2014	313.2	1	2015	451.0	1812	1267
185	2	6	2014	313.2	2	2016	257.0	1801	1010
185	2	6	2014	313.2	3	2017	345.2	1786	665
185	2	6	2014	313.2	4	2018	177.6	1778	488
185	2	6	2014	313.2	5	2019	110.3	1773	378
185	2	6	2014	313.2	6	2020	77.9	1770	300
185	2	6	2014	313.2	edge		74.5	1767	225
186	1	4	2016	529.5	Piscivorous			1902	1611
186	1	4	2016	529.5	1	2017	731.7	1810	885
186	1	4	2016	529.5	2	2018	226.1	1782	661
186	1	4	2016	529.5	3	2019	188.3	1758	474
186	1	4	2016	529.5	4	2020	172.5	1736	303
186	1	4	2016	529.5	edge		86.2	1726	217
187	1	5	2015	593.7	Piscivorous			1676	1804
187	1	5	2015	593.7	1	2016	983.8	1546	828
187	1	5	2015	593.7	2	2017	181.5	1522	649
187	1	5	2015	593.7	3	2018	180.1	1498	470
187	1	5	2015	593.7	4	2019	130.7	1480	341
187	1	5	2015	593.7	5	2020	150.1	1460	192
187	1	5	2015	593.7	edge		69.4	1451	123
188	2	3	2017	973.4	Piscivorous			1765	1850
188	2	3	2017	973.4	1	2018	1171.7	1814	679
188	2	3	2017	973.4	2	2019	351.7	1828	328
188	2	3	2017	973.4	3	2020	139.1	1834	189
188	2	3	2017	973.4	edge		123.0	1839	66
189	2	3	2017	470.1	Piscivorous			1826	1759
189	2	3	2017	470.1	1	2018	766.1	1873	994
189	2	3	2017	470.1	2	2019	170.1	1884	825
189	2	3	2017	470.1	3	2020	222.0	1897	603
189	2	3	2017	470.1	edge		447.8	1925	156
19	2	4	2016	491.9	Piscivorous			1660	1795
19	2	4	2016	491.9	1	2017	779.4	1695	1017
19	2	4	2016	491.9	2	2018	310.3	1710	707
19	2	4	2016	491.9	3	2019	309.8	1724	397
19	2	4	2016	491.9	4	2020	196.8	1733	201
19	2	4	2016	491.9	edge		28.5	1734	172
190	1	1	2019	750.2	Piscivorous			1720	1710
190	1	1	2019	750.2	1	2020	1447.9	1541	273
190	1	1	2019	750.2	edge		254.1	1510	21
191	2	3	2017	569.0	Piscivorous			1652	1947
191	2	3	2017	569.0	1	2018	744.3	1697	1204
191	2	3	2017	569.0	2	2019	263.9	1713	941
191	2	3	2017	569.0	3	2020	439.0	1740	502
191	2	3	2017	569.0	edge		441.8	1767	61
192	2	6	2014	474.9	Piscivorous			1344	1796
192	2	6	2014	474.9	1	2015	666.3	1365	1130
192	2	6	2014	474.9	2	2016	227.6	1373	902
192	2	6	2014	474.9	3	2017	180.5	1378	722
192	2	6	2014	474.9	4	2018	239.6	1386	483
192	2	6	2014	474.9	5	2019	204.2	1393	278
192	2	6	2014	474.9	6	2020	147.3	1397	131
192	2	6	2014	474.9	edge		83.3	1400	48
193	1	9	2011	270.1	Piscivorous			1550	1809
193	1	9	2011	270.1	1	2012	416.5	1528	1393
193	1	9	2011	270.1	2	2013	125.8	1522	1267
193	1	9	2011	270.1	3	2014	121.9	1515	1146
193	1	9	2011	270.1	4	2015	191.7	1505	954
193	1	9	2011	270.1	5	2016	136.4	1498	818
193	1	9	2011	270.1	6	2017	192.6	1488	626
193	1	9	2011	270.1	7	2018	126.0	1482	500
193	1	9	2011	270.1	8	2019	137.6	1474	362
193	1	9	2011	270.1	9	2020	111.6	1469	251
193	1	9	2011	270.1	edge		86.9	1464	164
194	2	4	2016	313.7	Piscivorous			1573	1821
194	2	4	2016	313.7	1	2017	543.0	1566	1278
194	2	4	2016	313.7	2	2018	192.0	1564	1086
194	2	4	2016	313.7	3	2019	362.1	1559	724
194	2	4	2016	313.7	4	2020	372.1	1555	352
194	2	4	2016	313.7	edge		211.0	1552	141
195	1	4	2016	272.0	Piscivorous			1496	1693
195	1	4	2016	272.0	1	2017	408.4	1433	1289
195	1	4	2016	272.0	2	2018	346.2	1380	947
195	1	4	2016	272.0	3	2019	424.0	1314	528
195	1	4	2016	272.0	4	2020	185.6	1286	345
195	1	4	2016	272.0	edge		141.7	1264	205
196	2	8	2012	468.2	Piscivorous			1508	1791
196	2	8	2012	468.2	1	2013	661.5	1490	1130
196	2	8	2012	468.2	2	2014	104.6	1487	1025
196	2	8	2012	468.2	3	2015	251.7	1481	774
196	2	8	2012	468.2	4	2016	98.6	1478	675
196	2	8	2012	468.2	5	2017	147.6	1474	528
196	2	8	2012	468.2	6	2018	152.5	1470	375
196	2	8	2012	468.2	7	2019	123.2	1466	252
196	2	8	2012	468.2	8	2020	126.1	1463	126
196	2	8	2012	468.2	edge		102.0	1460	24
197	1	8	2012	366.1	Piscivorous			1917	1845
197	1	8	2012	366.1	1	2013	574.3	1880	1272
197	1	8	2012	366.1	2	2014	261.2	1863	1011
197	1	8	2012	366.1	3	2015	191.3	1851	820
197	1	8	2012	366.1	4	2016	173.3	1839	647
197	1	8	2012	366.1	5	2017	132.8	1831	515
197	1	8	2012	366.1	6	2018	173.7	1820	341
197	1	8	2012	366.1	7	2019	98.6	1813	243
197	1	8	2012	366.1	8	2020	96.4	1807	147
197	1	8	2012	366.1	edge		63.0	1803	84
198	2	10	2010	349.2	Piscivorous			1378	1830
198	2	10	2010	349.2	1	2011	552.4	1460	1284
198	2	10	2010	349.2	2	2012	200.3	1489	1086
198	2	10	2010	349.2	3	2013	125.2	1508	962
198	2	10	2010	349.2	4	2014	170.1	1533	794
198	2	10	2010	349.2	5	2015	197.2	1562	599
198	2	10	2010	349.2	6	2016	93.4	1576	506
198	2	10	2010	349.2	7	2017	97.2	1590	410
198	2	10	2010	349.2	8	2018	105.2	1606	306
198	2	10	2010	349.2	9	2019	69.6	1616	237
198	2	10	2010	349.2	10	2020	59.5	1625	178
198	2	10	2010	349.2	edge		74.2	1636	105
199	3	2	2018	619.1	Piscivorous			1853	1779
199	3	2	2018	619.1	1	2019	975.5	1850	803
199	3	2	2018	619.1	2	2020	389.4	1849	414
199	3	2	2018	619.1	edge		200.8	1849	213
2	3	4	2016	523.3	Piscivorous			1840	1726
2	3	4	2016	523.3	1	2017	805.2	1866	921
2	3	4	2016	523.3	2	2018	266.7	1874	654
2	3	4	2016	523.3	3	2019	203.4	1881	451
2	3	4	2016	523.3	4	2020	185.3	1887	266
2	3	4	2016	523.3	edge		216.7	1894	49
20	2	9	2011	432.5	Piscivorous			1771	1996
20	2	9	2011	432.5	1	2012	619.9	1590	1403
20	2	9	2011	432.5	2	2013	194.4	1534	1217
20	2	9	2011	432.5	3	2014	184.1	1480	1041
20	2	9	2011	432.5	4	2015	111.5	1448	934
20	2	9	2011	432.5	5	2016	133.1	1409	807
20	2	9	2011	432.5	6	2017	186.9	1355	628
20	2	9	2011	432.5	7	2018	189.6	1300	447
20	2	9	2011	432.5	8	2019	139.8	1259	313
20	2	9	2011	432.5	9	2020	107.9	1228	210
20	2	9	2011	432.5	edge		120.5	1193	94
200	2	4	2016	481.4	Piscivorous			1536	1796
200	2	4	2016	481.4	1	2017	775.0	1465	1024
200	2	4	2016	481.4	2	2018	327.0	1435	699
200	2	4	2016	481.4	3	2019	327.7	1405	372
200	2	4	2016	481.4	4	2020	109.0	1395	264
200	2	4	2016	481.4	edge		124.2	1384	140
201	2	9	2011	552.9	Piscivorous			1884	1984
201	2	9	2011	552.9	1	2012	703.0	1644	1323
201	2	9	2011	552.9	2	2013	102.5	1608	1227
201	2	9	2011	552.9	3	2014	134.3	1563	1101
201	2	9	2011	552.9	4	2015	186.9	1499	925
201	2	9	2011	552.9	5	2016	203.4	1429	734
201	2	9	2011	552.9	6	2017	216.7	1355	531
201	2	9	2011	552.9	7	2018	124.1	1312	414
201	2	9	2011	552.9	8	2019	112.1	1274	309
201	2	9	2011	552.9	9	2020	110.0	1236	205
201	2	9	2011	552.9	edge		48.2	1220	160
202	3	2	2018	576.5	Piscivorous			1836	1872
202	3	2	2018	576.5	1	2019	943.9	1867	929
202	3	2	2018	576.5	2	2020	401.0	1880	528
202	3	2	2018	576.5	edge		356.1	1892	172
203	3	4	2016	892.9	Piscivorous			1566	1920
203	3	4	2016	892.9	1	2017	1185.4	1431	742
203	3	4	2016	892.9	2	2018	149.0	1414	594
203	3	4	2016	892.9	3	2019	156.4	1396	439
203	3	4	2016	892.9	4	2020	172.6	1376	267
203	3	4	2016	892.9	edge		72.9	1368	195
204	3	4	2016	475.5	Piscivorous			1664	1972
204	3	4	2016	475.5	1	2017	1111.5	1600	862
204	3	4	2016	475.5	2	2018	149.0	1591	713
204	3	4	2016	475.5	3	2019	234.2	1578	479
204	3	4	2016	475.5	4	2020	216.6	1566	263
204	3	4	2016	475.5	edge		66.4	1562	197
205	1	7	2013	644.6	Piscivorous			1800	1928
205	1	7	2013	644.6	1	2014	851.9	1822	1076
205	1	7	2013	644.6	2	2015	104.5	1824	972
205	1	7	2013	644.6	3	2016	123.5	1828	848
205	1	7	2013	644.6	4	2017	237.1	1834	611
205	1	7	2013	644.6	5	2018	216.0	1839	395
205	1	7	2013	644.6	6	2019	162.4	1843	233
205	1	7	2013	644.6	7	2020	146.6	1847	87
205	1	7	2013	644.6	edge		34.6	1848	52
206	2	6	2014	308.4	Piscivorous			1812	1918
206	2	6	2014	308.4	1	2015	516.2	1848	1403
206	2	6	2014	308.4	2	2016	290.5	1869	1114
206	2	6	2014	308.4	3	2017	230.8	1885	883
206	2	6	2014	308.4	4	2018	250.5	1903	634
206	2	6	2014	308.4	5	2019	170.3	1915	464
206	2	6	2014	308.4	6	2020	313.4	1937	151
206	2	6	2014	308.4	edge		81.5	1943	70
207	1	10	2010	460.4	Piscivorous			1559	1726
207	1	10	2010	460.4	1	2011	628.9	1655	1105
207	1	10	2010	460.4	2	2012	190.9	1684	916
207	1	10	2010	460.4	3	2013	161.7	1709	756
207	1	10	2010	460.4	4	2014	128.6	1729	629
207	1	10	2010	460.4	5	2015	133.7	1749	497
207	1	10	2010	460.4	6	2016	88.5	1763	409
207	1	10	2010	460.4	7	2017	105.8	1779	305
207	1	10	2010	460.4	8	2018	90.3	1793	216
207	1	10	2010	460.4	9	2019	58.6	1802	158
207	1	10	2010	460.4	10	2020	57.5	1811	101
207	1	10	2010	460.4	edge		41.3	1817	60
208	2	8	2012	432.3	Piscivorous			1624	1782
208	2	8	2012	432.3	1	2013	638.5	1771	1161
208	2	8	2012	432.3	2	2014	224.0	1823	943
208	2	8	2012	432.3	3	2015	216.1	1872	732
208	2	8	2012	432.3	4	2016	180.0	1914	557
208	2	8	2012	432.3	5	2017	84.9	1933	475
208	2	8	2012	432.3	6	2018	121.8	1962	356
208	2	8	2012	432.3	7	2019	116.2	1988	243
208	2	8	2012	432.3	8	2020	179.3	2030	69
208	2	8	2012	432.3	edge		36.6	2038	33
209	2	3	2017	658.9	Piscivorous			1693	1728
209	2	3	2017	658.9	1	2018	915.0	1695	813
209	2	3	2017	658.9	2	2019	420.0	1696	393
209	2	3	2017	658.9	3	2020	123.0	1696	270
209	2	3	2017	658.9	edge		72.0	1696	198
21	2	9	2011	360.8	Piscivorous			1848	2072
21	2	9	2011	360.8	1	2012	688.0	1777	1388
21	2	9	2011	360.8	2	2013	178.6	1758	1210
21	2	9	2011	360.8	3	2014	153.9	1743	1057
21	2	9	2011	360.8	4	2015	137.9	1728	920
21	2	9	2011	360.8	5	2016	101.1	1718	819
21	2	9	2011	360.8	6	2017	119.2	1705	701
21	2	9	2011	360.8	7	2018	262.1	1678	440
21	2	9	2011	360.8	8	2019	112.6	1667	328
21	2	9	2011	360.8	9	2020	122.5	1654	206
21	2	9	2011	360.8	edge		175.0	1636	32
210	2	4	2016	460.9	Piscivorous			1662	1942
210	2	4	2016	460.9	1	2017	974.5	1749	971
210	2	4	2016	460.9	2	2018	148.2	1762	824
210	2	4	2016	460.9	3	2019	509.6	1808	316
210	2	4	2016	460.9	4	2020	210.8	1826	106
210	2	4	2016	460.9	edge		6.3	1827	100
211	3	9	2011	316.9	Piscivorous			1615	2008
211	3	9	2011	316.9	1	2012	394.8	1639	1614
211	3	9	2011	316.9	2	2013	180.8	1650	1434
211	3	9	2011	316.9	3	2014	229.9	1663	1205
211	3	9	2011	316.9	4	2015	311.9	1682	893
211	3	9	2011	316.9	5	2016	163.2	1692	730
211	3	9	2011	316.9	6	2017	217.6	1705	513
211	3	9	2011	316.9	7	2018	175.7	1715	338
211	3	9	2011	316.9	8	2019	125.0	1723	213
211	3	9	2011	316.9	9	2020	94.4	1729	119
211	3	9	2011	316.9	edge		86.2	1734	33
212	1	10	2010	352.0	Piscivorous			1484	1828
212	1	10	2010	352.0	1	2011	483.7	1501	1345
212	1	10	2010	352.0	2	2012	141.5	1506	1203
212	1	10	2010	352.0	3	2013	143.0	1511	1060
212	1	10	2010	352.0	4	2014	106.8	1514	954
212	1	10	2010	352.0	5	2015	102.3	1518	851
212	1	10	2010	352.0	6	2016	91.3	1521	760
212	1	10	2010	352.0	7	2017	104.8	1525	655
212	1	10	2010	352.0	8	2018	78.3	1528	577
212	1	10	2010	352.0	9	2019	112.8	1531	464
212	1	10	2010	352.0	10	2020	164.4	1537	300
212	1	10	2010	352.0	edge		80.1	1540	220
213	1	7	2013	395.4	Piscivorous			1928	2052
213	1	7	2013	395.4	1	2014	588.2	1840	1470
213	1	7	2013	395.4	2	2015	170.3	1815	1302
213	1	7	2013	395.4	3	2016	239.2	1779	1065
213	1	7	2013	395.4	4	2017	249.6	1742	819
213	1	7	2013	395.4	5	2018	294.5	1698	527
213	1	7	2013	395.4	6	2019	195.2	1669	334
213	1	7	2013	395.4	7	2020	133.7	1649	202
213	1	7	2013	395.4	edge		139.8	1628	64
214	2	6	2014	387.8	Piscivorous			1605	1699
214	2	6	2014	387.8	1	2015	696.9	1485	1012
214	2	6	2014	387.8	2	2016	149.0	1460	865
214	2	6	2014	387.8	3	2017	162.1	1432	706
214	2	6	2014	387.8	4	2018	137.2	1408	570
214	2	6	2014	387.8	5	2019	179.1	1377	394
214	2	6	2014	387.8	6	2020	153.2	1351	243
214	2	6	2014	387.8	edge		83.0	1337	161
215	1	8	2012	361.9	Piscivorous			1558	1955
215	1	8	2012	361.9	1	2013	557.6	1440	1410
215	1	8	2012	361.9	2	2014	250.5	1387	1165
215	1	8	2012	361.9	3	2015	0.0	1387	1165
215	1	8	2012	361.9	4	2016	268.8	1331	902
215	1	8	2012	361.9	5	2017	156.0	1298	750
215	1	8	2012	361.9	6	2018	274.3	1240	482
215	1	8	2012	361.9	7	2019	212.4	1195	274
215	1	8	2012	361.9	8	2020	189.5	1155	89
215	1	8	2012	361.9	edge		74.2	1139	16
216	3	8	2012	361.1	Piscivorous			1730	1832
216	3	8	2012	361.1	1	2013	582.4	1767	1251
216	3	8	2012	361.1	2	2014	193.6	1779	1058
216	3	8	2012	361.1	3	2015	125.8	1787	932
216	3	8	2012	361.1	4	2016	141.2	1796	791
216	3	8	2012	361.1	5	2017	246.2	1812	546
216	3	8	2012	361.1	6	2018	126.0	1820	420
216	3	8	2012	361.1	7	2019	163.4	1831	257
216	3	8	2012	361.1	8	2020	112.7	1838	144
216	3	8	2012	361.1	edge		103.7	1844	41
217	2	8	2012	478.0	Piscivorous			1884	1804
217	2	8	2012	478.0	1	2013	663.9	1867	1140
217	2	8	2012	478.0	2	2014	291.4	1860	849
217	2	8	2012	478.0	3	2015	104.7	1857	744
217	2	8	2012	478.0	4	2016	191.3	1852	553
217	2	8	2012	478.0	5	2017	128.8	1849	424
217	2	8	2012	478.0	6	2018	107.7	1846	317
217	2	8	2012	478.0	7	2019	128.2	1843	189
217	2	8	2012	478.0	8	2020	72.1	1841	117
217	2	8	2012	478.0	edge		56.6	1840	60
218	2	10	2010	392.7	Piscivorous			1406	2090
218	2	10	2010	392.7	1	2011	538.4	1469	1556
218	2	10	2010	392.7	2	2012	216.5	1495	1341
218	2	10	2010	392.7	3	2013	146.1	1512	1196
218	2	10	2010	392.7	4	2014	280.9	1545	917
218	2	10	2010	392.7	5	2015	154.2	1563	764
218	2	10	2010	392.7	6	2016	161.4	1582	603
218	2	10	2010	392.7	7	2017	143.7	1599	461
218	2	10	2010	392.7	8	2018	142.9	1615	319
218	2	10	2010	392.7	9	2019	190.8	1638	129
218	2	10	2010	392.7	10	2020	0.0	1638	129
218	2	10	2010	392.7	edge		84.7	1648	45
219	3	4	2016	565.7	Piscivorous			1676	1900
219	3	4	2016	565.7	1	2017	816.3	1658	1084
219	3	4	2016	565.7	2	2018	268.8	1653	815
219	3	4	2016	565.7	3	2019	163.6	1649	652
219	3	4	2016	565.7	4	2020	228.2	1644	423
219	3	4	2016	565.7	edge		195.4	1640	228
22	3	4	2016	457.1	Piscivorous			1636	1896
22	3	4	2016	457.1	1	2017	681.2	1548	1221
22	3	4	2016	457.1	2	2018	203.0	1522	1019
22	3	4	2016	457.1	3	2019	204.9	1495	816
22	3	4	2016	457.1	4	2020	184.5	1471	633
22	3	4	2016	457.1	edge		178.7	1448	456
220	2	5	2015	380.0	Piscivorous			1716	1566
220	2	5	2015	380.0	1	2016	546.8	1692	1020
220	2	5	2015	380.0	2	2017	158.1	1685	862
220	2	5	2015	380.0	3	2018	257.3	1673	605
220	2	5	2015	380.0	4	2019	120.8	1668	484
220	2	5	2015	380.0	5	2020	116.8	1663	367
220	2	5	2015	380.0	edge		91.2	1659	276
221	2	3	2017	966.7	Piscivorous			1570	1804
221	2	3	2017	966.7	1	2018	1247.0	1508	558
221	2	3	2017	966.7	2	2019	271.0	1495	287
221	2	3	2017	966.7	3	2020	147.8	1488	140
221	2	3	2017	966.7	edge		78.4	1484	61
222	1	3	2017	582.5	Piscivorous			1756	1853
222	1	3	2017	582.5	1	2018	824.1	1608	1042
222	1	3	2017	582.5	2	2019	388.4	1538	660
222	1	3	2017	582.5	3	2020	381.8	1469	284
222	1	3	2017	582.5	edge		219.8	1430	68
223	2	4	2016	624.5	Piscivorous			1724	1740
223	2	4	2016	624.5	1	2017	880.4	1733	860
223	2	4	2016	624.5	2	2018	244.0	1735	616
223	2	4	2016	624.5	3	2019	135.8	1736	480
223	2	4	2016	624.5	4	2020	204.2	1738	276
223	2	4	2016	624.5	edge		151.7	1740	124
224	2	8	2012	329.1	Piscivorous			1562	1922
224	2	8	2012	329.1	1	2013	606.0	1713	1336
224	2	8	2012	329.1	2	2014	188.3	1760	1153
224	2	8	2012	329.1	3	2015	228.4	1817	932
224	2	8	2012	329.1	4	2016	200.0	1867	739
224	2	8	2012	329.1	5	2017	138.1	1902	605
224	2	8	2012	329.1	6	2018	179.6	1947	431
224	2	8	2012	329.1	7	2019	155.0	1986	281
224	2	8	2012	329.1	8	2020	118.2	2015	166
224	2	8	2012	329.1	edge		104.1	2041	66
225	2	4	2016	481.0	Piscivorous			1471	1881
225	2	4	2016	481.0	1	2017	717.2	1509	1165
225	2	4	2016	481.0	2	2018	318.6	1526	847
225	2	4	2016	481.0	3	2019	329.2	1544	518
225	2	4	2016	481.0	4	2020	257.2	1557	261
225	2	4	2016	481.0	edge		163.3	1566	98
226	2	3	2017	795.3	Piscivorous			1996	1760
226	2	3	2017	795.3	1	2018	975.8	2064	787
226	2	3	2017	795.3	2	2019	236.8	2080	550
226	2	3	2017	795.3	3	2020	340.8	2104	210
226	2	3	2017	795.3	edge		170.7	2116	40
227	1	4	2016	513.0	Piscivorous			1881	1935
227	1	4	2016	513.0	1	2017	703.9	1806	1235
227	1	4	2016	513.0	2	2018	234.8	1781	1001
227	1	4	2016	513.0	3	2019	604.3	1716	401
227	1	4	2016	513.0	4	2020	188.3	1696	213
227	1	4	2016	513.0	edge		140.3	1681	74
228	1	10	2010	253.1	Piscivorous			1848	1728
228	1	10	2010	253.1	1	2011	452.9	1874	1276
228	1	10	2010	253.1	2	2012	103.6	1880	1172
228	1	10	2010	253.1	3	2013	253.2	1895	920
228	1	10	2010	253.1	4	2014	197.1	1907	723
228	1	10	2010	253.1	5	2015	181.8	1917	541
228	1	10	2010	253.1	6	2016	107.1	1923	435
228	1	10	2010	253.1	7	2017	113.4	1930	321
228	1	10	2010	253.1	8	2018	67.4	1934	254
228	1	10	2010	253.1	9	2019	36.4	1936	218
228	1	10	2010	253.1	10	2020	35.9	1938	182
228	1	10	2010	253.1	edge		33.8	1940	148
229	2	7	2013	380.1	Piscivorous			1948	1900
229	2	7	2013	380.1	1	2014	642.7	1901	1259
229	2	7	2013	380.1	2	2015	180.7	1888	1079
229	2	7	2013	380.1	3	2016	325.5	1864	754
229	2	7	2013	380.1	4	2017	136.7	1854	618
229	2	7	2013	380.1	5	2018	184.1	1841	434
229	2	7	2013	380.1	6	2019	144.5	1830	290
229	2	7	2013	380.1	7	2020	120.6	1821	170
229	2	7	2013	380.1	edge		126.3	1812	44
23	2	5	2015	406.1	Piscivorous			1734	1599
23	2	5	2015	406.1	1	2016	576.8	1793	1025
23	2	5	2015	406.1	2	2017	402.5	1834	624
23	2	5	2015	406.1	3	2018	158.9	1850	466
23	2	5	2015	406.1	4	2019	121.3	1862	346
23	2	5	2015	406.1	5	2020	77.7	1870	268
23	2	5	2015	406.1	edge		71.9	1877	197
230	3	3	2017	517.8	Piscivorous			1885	1754
230	3	3	2017	517.8	1	2018	815.5	1854	939
230	3	3	2017	517.8	2	2019	278.9	1843	661
230	3	3	2017	517.8	3	2020	351.4	1830	310
230	3	3	2017	517.8	edge		252.4	1820	57
231	3	3	2017	662.7	Piscivorous			1708	1748
231	3	3	2017	662.7	1	2018	857.4	1779	894
231	3	3	2017	662.7	2	2019	314.2	1805	580
231	3	3	2017	662.7	3	2020	268.1	1827	313
231	3	3	2017	662.7	edge		205.9	1844	108
232	2	3	2017	809.5	Piscivorous			1884	1952
232	2	3	2017	809.5	1	2018	1015.1	1753	945
232	2	3	2017	809.5	2	2019	215.4	1725	732
232	2	3	2017	809.5	3	2020	339.9	1681	395
232	2	3	2017	809.5	edge		349.7	1636	48
233	1	9	2011	390.8	Piscivorous			1541	1685
233	1	9	2011	390.8	1	2012	680.6	1546	1004
233	1	9	2011	390.8	2	2013	212.9	1548	791
233	1	9	2011	390.8	3	2014	82.0	1549	709
233	1	9	2011	390.8	4	2015	82.1	1549	627
233	1	9	2011	390.8	5	2016	143.5	1550	484
233	1	9	2011	390.8	6	2017	127.1	1551	357
233	1	9	2011	390.8	7	2018	86.5	1552	270
233	1	9	2011	390.8	8	2019	73.7	1553	196
233	1	9	2011	390.8	9	2020	61.3	1553	135
233	1	9	2011	390.8	edge		61.4	1553	74
234	2	6	2014	549.9	Piscivorous			1588	1900
234	2	6	2014	549.9	1	2015	970.8	1638	931
234	2	6	2014	549.9	2	2016	145.5	1646	785
234	2	6	2014	549.9	3	2017	124.2	1652	661
234	2	6	2014	549.9	4	2018	132.7	1659	529
234	2	6	2014	549.9	5	2019	119.2	1666	410
234	2	6	2014	549.9	6	2020	100.1	1671	310
234	2	6	2014	549.9	edge		101.8	1676	208
235	2	3	2017	640.4	Piscivorous			1856	1736
235	2	3	2017	640.4	1	2018	892.1	1858	844
235	2	3	2017	640.4	2	2019	291.7	1859	552
235	2	3	2017	640.4	3	2020	184.2	1860	368
235	2	3	2017	640.4	edge		132.0	1860	236
236	1	2	2018	1157.1	Piscivorous			1873	1918
236	1	2	2018	1157.1	1	2019	1464.7	1688	465
236	1	2	2018	1157.1	2	2020	224.8	1660	242
236	1	2	2018	1157.1	edge		194.6	1635	49
237	2	3	2017	626.2	Piscivorous			1588	1884
237	2	3	2017	626.2	1	2018	802.7	1649	1084
237	2	3	2017	626.2	2	2019	251.2	1668	833
237	2	3	2017	626.2	3	2020	332.2	1693	502
237	2	3	2017	626.2	edge		194.5	1708	308
238	1	9	2011	264.0	Piscivorous			1738	1838
238	1	9	2011	264.0	1	2012	440.7	1737	1398
238	1	9	2011	264.0	2	2013	215.0	1737	1183
238	1	9	2011	264.0	3	2014	146.9	1736	1036
238	1	9	2011	264.0	4	2015	150.9	1736	885
238	1	9	2011	264.0	5	2016	272.3	1735	613
238	1	9	2011	264.0	6	2017	175.6	1735	437
238	1	9	2011	264.0	7	2018	118.3	1735	319
238	1	9	2011	264.0	8	2019	35.8	1735	283
238	1	9	2011	264.0	9	2020	50.2	1735	233
238	1	9	2011	264.0	edge		46.3	1734	186
239	2	0	2020	1585.2	Piscivorous			1705	1808
239	2	0	2020	1585.2	edge		1584.7	1795	225
24	2	6	2014	736.3	Piscivorous			1594	1853
24	2	6	2014	736.3	1	2015	921.6	1819	959
24	2	6	2014	736.3	2	2016	291.2	1890	676
24	2	6	2014	736.3	3	2017	193.9	1937	488
24	2	6	2014	736.3	4	2018	103.4	1962	388
24	2	6	2014	736.3	5	2019	97.4	1986	294
24	2	6	2014	736.3	6	2020	115.3	2014	182
24	2	6	2014	736.3	edge		60.7	2029	123
240	3	5	2015	468.4	Piscivorous			1716	1800
240	3	5	2015	468.4	1	2016	688.4	1722	1112
240	3	5	2015	468.4	2	2017	283.4	1725	828
240	3	5	2015	468.4	3	2018	296.1	1728	532
240	3	5	2015	468.4	4	2019	184.9	1730	347
240	3	5	2015	468.4	5	2020	135.4	1731	212
240	3	5	2015	468.4	edge		127.8	1732	84
241	3	3	2017	672.4	Piscivorous			1537	1808
241	3	3	2017	672.4	1	2018	925.8	1508	882
241	3	3	2017	672.4	2	2019	306.4	1499	576
241	3	3	2017	672.4	3	2020	351.2	1488	225
241	3	3	2017	672.4	edge		118.6	1484	107
242	1	3	2017	217.6	Piscivorous			1799	1750
242	1	3	2017	217.6	1	2018	515.8	1780	1235
242	1	3	2017	217.6	2	2019	677.4	1754	558
242	1	3	2017	217.6	3	2020	237.2	1745	321
242	1	3	2017	217.6	edge		173.4	1738	148
243	2	0	2020	1552.5	Piscivorous			1573	1684
243	2	0	2020	1552.5	edge		1549.1	1630	136
244	1	8	2012	344.2	Piscivorous			1684	1935
244	1	8	2012	344.2	1	2013	734.4	1649	1202
244	1	8	2012	344.2	2	2014	169.1	1640	1033
244	1	8	2012	344.2	3	2015	201.5	1631	831
244	1	8	2012	344.2	4	2016	106.5	1626	725
244	1	8	2012	344.2	5	2017	194.0	1616	531
244	1	8	2012	344.2	6	2018	179.7	1607	352
244	1	8	2012	344.2	7	2019	100.2	1603	252
244	1	8	2012	344.2	8	2020	114.7	1597	137
244	1	8	2012	344.2	edge		47.6	1595	90
245	1	2	2018	594.5	Piscivorous			1640	1746
245	1	2	2018	594.5	1	2019	733.6	1478	1030
245	1	2	2018	594.5	2	2020	486.3	1372	556
245	1	2	2018	594.5	edge		217.0	1324	344
246	2	6	2014	790.9	Piscivorous			1628	1812
246	2	6	2014	790.9	1	2015	1036.4	1595	776
246	2	6	2014	790.9	2	2016	155.4	1590	621
246	2	6	2014	790.9	3	2017	103.4	1587	517
246	2	6	2014	790.9	4	2018	156.6	1582	361
246	2	6	2014	790.9	5	2019	117.0	1578	244
246	2	6	2014	790.9	6	2020	83.4	1575	161
246	2	6	2014	790.9	edge		96.7	1572	64
247	1	5	2015	401.0	Piscivorous			1808	1768
247	1	5	2015	401.0	1	2016	651.6	1793	1117
247	1	5	2015	401.0	2	2017	236.6	1788	880
247	1	5	2015	401.0	3	2018	184.1	1784	696
247	1	5	2015	401.0	4	2019	264.4	1778	432
247	1	5	2015	401.0	5	2020	160.0	1774	272
247	1	5	2015	401.0	edge		107.7	1772	164
248	2	3	2017	446.0	Piscivorous			1662	1776
248	2	3	2017	446.0	1	2018	629.5	1701	1148
248	2	3	2017	446.0	2	2019	387.7	1725	761
248	2	3	2017	446.0	3	2020	384.7	1748	377
248	2	3	2017	446.0	edge		155.0	1758	222
249	1	8	2012	487.9	Piscivorous			1709	1779
249	1	8	2012	487.9	1	2013	710.8	1835	1079
249	1	8	2012	487.9	2	2014	204.2	1871	878
249	1	8	2012	487.9	3	2015	254.8	1916	628
249	1	8	2012	487.9	4	2016	165.0	1945	465
249	1	8	2012	487.9	5	2017	126.5	1967	341
249	1	8	2012	487.9	6	2018	70.0	1980	272
249	1	8	2012	487.9	7	2019	47.6	1988	225
249	1	8	2012	487.9	8	2020	38.9	1995	187
249	1	8	2012	487.9	edge		52.1	2004	135
25	1	5	2015	542.6	Piscivorous			1799	1787
25	1	5	2015	542.6	1	2016	776.2	1677	1021
25	1	5	2015	542.6	2	2017	220.8	1642	803
25	1	5	2015	542.6	3	2018	246.6	1603	559
25	1	5	2015	542.6	4	2019	205.6	1571	356
25	1	5	2015	542.6	5	2020	173.9	1544	184
25	1	5	2015	542.6	edge		145.2	1521	41
250	2	3	2017	963.0	Piscivorous			1824	1877
250	2	3	2017	963.0	1	2018	1282.9	1807	594
250	2	3	2017	963.0	2	2019	327.8	1802	267
250	2	3	2017	963.0	3	2020	135.8	1801	131
250	2	3	2017	963.0	edge		94.0	1799	37
251	2	6	2014	590.1	Piscivorous			1668	1928
251	2	6	2014	590.1	1	2015	906.0	1608	1024
251	2	6	2014	590.1	2	2016	259.1	1591	765
251	2	6	2014	590.1	3	2017	351.0	1568	415
251	2	6	2014	590.1	4	2018	72.9	1563	342
251	2	6	2014	590.1	5	2019	91.0	1557	252
251	2	6	2014	590.1	6	2020	121.6	1549	130
251	2	6	2014	590.1	edge		82.5	1544	48
252	2	3	2017	848.1	Piscivorous			1484	1926
252	2	3	2017	848.1	1	2018	1439.8	1536	488
252	2	3	2017	848.1	2	2019	135.3	1541	352
252	2	3	2017	848.1	3	2020	140.9	1546	212
252	2	3	2017	848.1	edge		105.0	1549	107
253	2	11	2009	383.2	Piscivorous			1640	1872
253	2	11	2009	383.2	1	2010	594.9	1704	1281
253	2	11	2009	383.2	2	2011	188.6	1724	1093
253	2	11	2009	383.2	3	2012	129.3	1738	964
253	2	11	2009	383.2	4	2013	124.9	1751	840
253	2	11	2009	383.2	5	2014	152.4	1767	689
253	2	11	2009	383.2	6	2015	165.8	1785	524
253	2	11	2009	383.2	7	2016	47.5	1790	477
253	2	11	2009	383.2	8	2017	78.7	1799	398
253	2	11	2009	383.2	9	2018	50.2	1804	348
253	2	11	2009	383.2	10	2019	82.7	1813	266
253	2	11	2009	383.2	11	2020	26.4	1816	240
253	2	11	2009	383.2	edge		76.3	1824	164
254	2	8	2012	379.8	Piscivorous			1758	1816
254	2	8	2012	379.8	1	2013	551.2	1801	1266
254	2	8	2012	379.8	2	2014	288.2	1824	979
254	2	8	2012	379.8	3	2015	186.1	1838	793
254	2	8	2012	379.8	4	2016	239.6	1857	555
254	2	8	2012	379.8	5	2017	167.2	1870	388
254	2	8	2012	379.8	6	2018	103.4	1878	285
254	2	8	2012	379.8	7	2019	99.0	1886	186
254	2	8	2012	379.8	8	2020	76.7	1892	110
254	2	8	2012	379.8	edge		77.0	1898	33
255	3	7	2013	516.5	Piscivorous			1619	1820
255	3	7	2013	516.5	1	2014	798.7	1406	1050
255	3	7	2013	516.5	2	2015	162.1	1362	894
255	3	7	2013	516.5	3	2016	236.5	1299	666
255	3	7	2013	516.5	4	2017	166.1	1254	506
255	3	7	2013	516.5	5	2018	96.3	1229	413
255	3	7	2013	516.5	6	2019	60.8	1212	355
255	3	7	2013	516.5	7	2020	105.8	1184	253
255	3	7	2013	516.5	edge		75.3	1164	180
256	2	5	2015	741.2	Piscivorous			1555	1846
256	2	5	2015	741.2	1	2016	932.6	1629	916
256	2	5	2015	741.2	2	2017	220.1	1647	696
256	2	5	2015	741.2	3	2018	188.2	1662	509
256	2	5	2015	741.2	4	2019	181.9	1676	327
256	2	5	2015	741.2	5	2020	159.0	1689	169
256	2	5	2015	741.2	edge		126.3	1699	43
257	2	3	2017	851.1	Piscivorous			1752	1696
257	2	3	2017	851.1	1	2018	998.6	1680	700
257	2	3	2017	851.1	2	2019	335.6	1656	365
257	2	3	2017	851.1	3	2020	163.6	1644	202
257	2	3	2017	851.1	edge		106.3	1636	96
258	2	1	2019	1056.9	Piscivorous			1582	1804
258	2	1	2019	1056.9	1	2020	1315.3	1191	548
258	2	1	2019	1056.9	edge		436.2	1062	131
259	1	9	2011	443.2	Piscivorous			1648	1861
259	1	9	2011	443.2	1	2012	710.1	1567	1155
259	1	9	2011	443.2	2	2013	217.1	1542	940
259	1	9	2011	443.2	3	2014	187.5	1521	753
259	1	9	2011	443.2	4	2015	185.0	1500	570
259	1	9	2011	443.2	5	2016	130.4	1485	440
259	1	9	2011	443.2	6	2017	80.2	1476	360
259	1	9	2011	443.2	7	2018	42.6	1471	318
259	1	9	2011	443.2	8	2019	63.9	1464	255
259	1	9	2011	443.2	9	2020	41.8	1459	213
259	1	9	2011	443.2	edge		70.1	1451	143
26	2	8	2012	376.8	Piscivorous			2008	1758
26	2	8	2012	376.8	1	2013	581.0	1916	1185
26	2	8	2012	376.8	2	2014	159.1	1891	1028
26	2	8	2012	376.8	3	2015	199.0	1859	831
26	2	8	2012	376.8	4	2016	148.7	1836	684
26	2	8	2012	376.8	5	2017	115.4	1817	570
26	2	8	2012	376.8	6	2018	134.1	1796	438
26	2	8	2012	376.8	7	2019	115.9	1778	323
26	2	8	2012	376.8	8	2020	205.6	1745	120
26	2	8	2012	376.8	edge		97.1	1730	25
260	2	2	2018	673.7	Piscivorous			1455	1746
260	2	2	2018	673.7	1	2019	1086.5	1414	660
260	2	2	2018	673.7	2	2020	335.9	1402	325
260	2	2	2018	673.7	edge		222.4	1394	102
261	2	0	2020	1067.7	Piscivorous			1910	1844
261	2	0	2020	1067.7	edge		1612.1	2148	250
262	2	6	2014	851.7	Piscivorous			1763	1861
262	2	6	2014	851.7	1	2015	1123.4	1717	738
262	2	6	2014	851.7	2	2016	96.3	1713	642
262	2	6	2014	851.7	3	2017	171.8	1706	471
262	2	6	2014	851.7	4	2018	85.8	1702	385
262	2	6	2014	851.7	5	2019	53.4	1700	331
262	2	6	2014	851.7	6	2020	106.3	1696	225
262	2	6	2014	851.7	edge		77.6	1693	148
263	2	0	2020	685.5	Piscivorous			1844	1697
263	2	0	2020	685.5	edge		1554.0	1804	143
264	1	1	2019	920.2	Piscivorous			1681	1799
264	1	1	2019	920.2	1	2020	1452.5	1862	358
264	1	1	2019	920.2	edge		125.6	1877	234
265	2	7	2013	661.7	Piscivorous			1873	1849
265	2	7	2013	661.7	1	2014	803.4	1877	1045
265	2	7	2013	661.7	2	2015	278.7	1878	767
265	2	7	2013	661.7	3	2016	143.5	1879	623
265	2	7	2013	661.7	4	2017	94.3	1879	529
265	2	7	2013	661.7	5	2018	114.7	1880	414
265	2	7	2013	661.7	6	2019	78.0	1880	336
265	2	7	2013	661.7	7	2020	98.4	1881	238
265	2	7	2013	661.7	edge		123.0	1881	115
266	2	8	2012	464.1	Piscivorous			1742	1898
266	2	8	2012	464.1	1	2013	610.7	1748	1287
266	2	8	2012	464.1	2	2014	163.9	1750	1123
266	2	8	2012	464.1	3	2015	126.9	1751	996
266	2	8	2012	464.1	4	2016	114.9	1752	881
266	2	8	2012	464.1	5	2017	70.5	1753	811
266	2	8	2012	464.1	6	2018	144.4	1754	667
266	2	8	2012	464.1	7	2019	160.6	1756	506
266	2	8	2012	464.1	8	2020	158.2	1758	348
266	2	8	2012	464.1	edge		85.5	1758	262
267	2	4	2016	487.7	Piscivorous			1756	1704
267	2	4	2016	487.7	1	2017	722.8	1683	985
267	2	4	2016	487.7	2	2018	239.6	1659	746
267	2	4	2016	487.7	3	2019	212.1	1638	535
267	2	4	2016	487.7	4	2020	241.6	1614	295
267	2	4	2016	487.7	edge		135.7	1600	160
268	1	8	2012	364.6	Piscivorous			1601	1773
268	1	8	2012	364.6	1	2013	560.6	1651	1215
268	1	8	2012	364.6	2	2014	159.4	1665	1056
268	1	8	2012	364.6	3	2015	218.0	1684	839
268	1	8	2012	364.6	4	2016	131.2	1696	708
268	1	8	2012	364.6	5	2017	93.4	1704	615
268	1	8	2012	364.6	6	2018	99.7	1713	516
268	1	8	2012	364.6	7	2019	97.0	1722	419
268	1	8	2012	364.6	8	2020	80.1	1729	339
268	1	8	2012	364.6	edge		46.5	1733	293
269	1	7	2013	476.9	Piscivorous			1521	1693
269	1	7	2013	476.9	1	2014	629.4	1463	1066
269	1	7	2013	476.9	2	2015	128.0	1452	939
269	1	7	2013	476.9	3	2016	111.3	1441	828
269	1	7	2013	476.9	4	2017	152.5	1427	676
269	1	7	2013	476.9	5	2018	97.2	1419	579
269	1	7	2013	476.9	6	2019	108.7	1409	471
269	1	7	2013	476.9	7	2020	132.1	1397	339
269	1	7	2013	476.9	edge		31.9	1394	307
27	2	5	2015	499.3	Piscivorous			1746	1685
27	2	5	2015	499.3	1	2016	709.2	1710	976
27	2	5	2015	499.3	2	2017	163.3	1701	813
27	2	5	2015	499.3	3	2018	198.2	1691	615
27	2	5	2015	499.3	4	2019	159.9	1683	456
27	2	5	2015	499.3	5	2020	197.1	1672	259
27	2	5	2015	499.3	edge		160.7	1664	98
270	1	9	2011	385.3	Piscivorous			1644	1865
270	1	9	2011	385.3	1	2012	566.9	1588	1301
270	1	9	2011	385.3	2	2013	206.6	1568	1095
270	1	9	2011	385.3	3	2014	134.6	1555	961
270	1	9	2011	385.3	4	2015	156.1	1539	806
270	1	9	2011	385.3	5	2016	147.5	1525	659
270	1	9	2011	385.3	6	2017	109.2	1514	550
270	1	9	2011	385.3	7	2018	168.7	1497	383
270	1	9	2011	385.3	8	2019	127.2	1485	256
270	1	9	2011	385.3	9	2020	116.4	1474	140
270	1	9	2011	385.3	edge		62.6	1467	78
271	3	9	2011	327.1	Piscivorous			1717	1553
271	3	9	2011	327.1	1	2012	594.4	1429	1034
271	3	9	2011	327.1	2	2013	210.2	1326	850
271	3	9	2011	327.1	3	2014	87.6	1284	774
271	3	9	2011	327.1	4	2015	65.7	1252	716
271	3	9	2011	327.1	5	2016	117.4	1195	614
271	3	9	2011	327.1	6	2017	156.5	1119	477
271	3	9	2011	327.1	7	2018	64.9	1087	420
271	3	9	2011	327.1	8	2019	92.0	1043	340
271	3	9	2011	327.1	9	2020	60.9	1013	287
271	3	9	2011	327.1	edge		60.5	984	234
272	2	7	2013	272.5	Piscivorous			1537	1898
272	2	7	2013	272.5	1	2014	422.5	1557	1476
272	2	7	2013	272.5	2	2015	255.4	1569	1221
272	2	7	2013	272.5	3	2016	175.9	1578	1045
272	2	7	2013	272.5	4	2017	263.4	1590	782
272	2	7	2013	272.5	5	2018	217.2	1601	565
272	2	7	2013	272.5	6	2019	86.0	1605	479
272	2	7	2013	272.5	7	2020	78.0	1608	401
272	2	7	2013	272.5	edge		52.8	1611	348
273	2	6	2014	444.2	Piscivorous			2018	1810
273	2	6	2014	444.2	1	2015	709.3	1926	1106
273	2	6	2014	444.2	2	2016	301.0	1887	808
273	2	6	2014	444.2	3	2017	162.7	1866	647
273	2	6	2014	444.2	4	2018	159.4	1846	488
273	2	6	2014	444.2	5	2019	172.1	1823	318
273	2	6	2014	444.2	6	2020	129.9	1807	189
273	2	6	2014	444.2	edge		143.5	1788	47
274	1	8	2012	366.9	Piscivorous			1609	1885
274	1	8	2012	366.9	1	2013	487.8	1688	1404
274	1	8	2012	366.9	2	2014	104.9	1705	1300
274	1	8	2012	366.9	3	2015	208.5	1738	1094
274	1	8	2012	366.9	4	2016	178.5	1767	918
274	1	8	2012	366.9	5	2017	110.7	1785	809
274	1	8	2012	366.9	6	2018	200.3	1818	611
274	1	8	2012	366.9	7	2019	161.5	1844	452
274	1	8	2012	366.9	8	2020	182.0	1873	272
274	1	8	2012	366.9	edge		7.1	1874	265
275	2	4	2016	484.1	Piscivorous			1668	1756
275	2	4	2016	484.1	1	2017	676.2	1699	1081
275	2	4	2016	484.1	2	2018	283.7	1713	797
275	2	4	2016	484.1	3	2019	263.9	1725	534
275	2	4	2016	484.1	4	2020	231.3	1736	302
275	2	4	2016	484.1	edge		182.7	1744	120
276	1	7	2013	553.5	Piscivorous			1939	1746
276	1	7	2013	553.5	1	2014	693.8	1836	1060
276	1	7	2013	553.5	2	2015	250.3	1799	812
276	1	7	2013	553.5	3	2016	136.2	1779	678
276	1	7	2013	553.5	4	2017	143.1	1758	536
276	1	7	2013	553.5	5	2018	125.4	1739	412
276	1	7	2013	553.5	6	2019	109.1	1723	304
276	1	7	2013	553.5	7	2020	82.7	1711	222
276	1	7	2013	553.5	edge		67.5	1701	156
277	2	4	2016	676.3	Piscivorous			1754	1844
277	2	4	2016	676.3	1	2017	938.6	1752	906
277	2	4	2016	676.3	2	2018	143.4	1752	762
277	2	4	2016	676.3	3	2019	254.2	1751	508
277	2	4	2016	676.3	4	2020	184.4	1751	324
277	2	4	2016	676.3	edge		176.4	1750	148
278	1	11	2009	349.1	Piscivorous			1828	1888
278	1	11	2009	349.1	1	2010	440.0	1787	1450
278	1	11	2009	349.1	2	2011	89.2	1779	1361
278	1	11	2009	349.1	3	2012	154.9	1765	1207
278	1	11	2009	349.1	4	2013	107.2	1755	1100
278	1	11	2009	349.1	5	2014	98.2	1746	1002
278	1	11	2009	349.1	6	2015	217.2	1726	786
278	1	11	2009	349.1	7	2016	78.2	1719	708
278	1	11	2009	349.1	8	2017	175.6	1702	533
278	1	11	2009	349.1	9	2018	113.7	1692	420
278	1	11	2009	349.1	10	2019	116.5	1681	304
278	1	11	2009	349.1	11	2020	159.1	1667	146
278	1	11	2009	349.1	edge		114.0	1656	32
279	2	2	2018	705.0	Piscivorous			1791	1771
279	2	2	2018	705.0	1	2019	1164.4	1986	623
279	2	2	2018	705.0	2	2020	237.8	2025	388
279	2	2	2018	705.0	edge		219.0	2062	172
28	1	10	2010	217.3	Piscivorous			1767	1746
28	1	10	2010	217.3	1	2011	333.9	1706	1418
28	1	10	2010	217.3	2	2012	84.2	1690	1335
28	1	10	2010	217.3	3	2013	203.6	1653	1135
28	1	10	2010	217.3	4	2014	91.7	1636	1045
28	1	10	2010	217.3	5	2015	169.0	1606	879
28	1	10	2010	217.3	6	2016	163.9	1576	717
28	1	10	2010	217.3	7	2017	169.4	1545	551
28	1	10	2010	217.3	8	2018	110.8	1525	442
28	1	10	2010	217.3	9	2019	67.4	1512	376
28	1	10	2010	217.3	10	2020	36.6	1506	340
28	1	10	2010	217.3	edge		74.5	1492	266
280	2	4	2016	990.3	Piscivorous			1865	2099
280	2	4	2016	990.3	1	2017	1383.0	1810	717
280	2	4	2016	990.3	2	2018	268.4	1800	449
280	2	4	2016	990.3	3	2019	203.4	1792	245
280	2	4	2016	990.3	4	2020	118.4	1787	127
280	2	4	2016	990.3	edge		98.5	1783	29
281	3	7	2013	526.3	Piscivorous			1594	1935
281	3	7	2013	526.3	1	2014	669.6	1550	1267
281	3	7	2013	526.3	2	2015	174.8	1538	1092
281	3	7	2013	526.3	3	2016	158.7	1528	934
281	3	7	2013	526.3	4	2017	255.2	1511	679
281	3	7	2013	526.3	5	2018	201.2	1497	478
281	3	7	2013	526.3	6	2019	202.0	1484	277
281	3	7	2013	526.3	7	2020	138.2	1474	139
281	3	7	2013	526.3	edge		44.7	1471	94
282	1	7	2013	624.1	Piscivorous			1890	1980
282	1	7	2013	624.1	1	2014	858.5	1939	1123
282	1	7	2013	624.1	2	2015	144.6	1947	978
282	1	7	2013	624.1	3	2016	205.5	1959	773
282	1	7	2013	624.1	4	2017	262.6	1974	511
282	1	7	2013	624.1	5	2018	145.7	1982	365
282	1	7	2013	624.1	6	2019	157.4	1991	208
282	1	7	2013	624.1	7	2020	82.1	1996	126
282	1	7	2013	624.1	edge		81.4	2000	45
283	2	2	2018	813.7	Piscivorous			1820	1824
283	2	2	2018	813.7	1	2019	1182.5	1711	647
283	2	2	2018	813.7	2	2020	290.4	1684	357
283	2	2	2018	813.7	edge		229.4	1663	129
284	2	9	2011	294.0	Piscivorous			1645	1874
284	2	9	2011	294.0	1	2012	392.9	1593	1485
284	2	9	2011	294.0	2	2013	171.9	1571	1314
284	2	9	2011	294.0	3	2014	69.8	1562	1245
284	2	9	2011	294.0	4	2015	278.2	1525	969
284	2	9	2011	294.0	5	2016	107.7	1511	862
284	2	9	2011	294.0	6	2017	92.8	1499	770
284	2	9	2011	294.0	7	2018	79.1	1489	692
284	2	9	2011	294.0	8	2019	54.7	1482	638
284	2	9	2011	294.0	9	2020	53.8	1474	584
284	2	9	2011	294.0	edge		40.0	1469	545
285	1	7	2013	425.5	Piscivorous			1689	1943
285	1	7	2013	425.5	1	2014	665.6	1731	1279
285	1	7	2013	425.5	2	2015	384.3	1755	895
285	1	7	2013	425.5	3	2016	179.2	1766	716
285	1	7	2013	425.5	4	2017	235.5	1781	481
285	1	7	2013	425.5	5	2018	93.3	1787	388
285	1	7	2013	425.5	6	2019	80.8	1792	307
285	1	7	2013	425.5	7	2020	135.0	1801	173
285	1	7	2013	425.5	edge		45.8	1804	127
286	2	6	2014	288.1	Piscivorous			1620	1856
286	2	6	2014	288.1	1	2015	854.3	1695	1005
286	2	6	2014	288.1	2	2016	341.7	1725	665
286	2	6	2014	288.1	3	2017	199.6	1743	466
286	2	6	2014	288.1	4	2018	169.0	1758	297
286	2	6	2014	288.1	5	2019	97.7	1766	200
286	2	6	2014	288.1	6	2020	104.7	1775	96
286	2	6	2014	288.1	edge		52.0	1780	44
287	1	4	2016	672.0	Piscivorous			1576	1896
287	1	4	2016	672.0	1	2017	855.9	1582	1040
287	1	4	2016	672.0	2	2018	260.4	1583	780
287	1	4	2016	672.0	3	2019	239.7	1585	540
287	1	4	2016	672.0	4	2020	279.9	1587	260
287	1	4	2016	672.0	edge		224.3	1588	36
288	2	6	2014	562.3	Piscivorous			1676	1820
288	2	6	2014	562.3	1	2015	950.0	1758	873
288	2	6	2014	562.3	2	2016	107.0	1767	767
288	2	6	2014	562.3	3	2017	178.2	1783	589
288	2	6	2014	562.3	4	2018	132.1	1794	458
288	2	6	2014	562.3	5	2019	64.3	1799	394
288	2	6	2014	562.3	6	2020	82.0	1806	312
288	2	6	2014	562.3	edge		156.8	1820	156
289	2	6	2014	407.1	Piscivorous			1676	1660
289	2	6	2014	407.1	1	2015	562.7	1768	1105
289	2	6	2014	407.1	2	2016	130.7	1789	976
289	2	6	2014	407.1	3	2017	249.9	1830	729
289	2	6	2014	407.1	4	2018	294.6	1877	439
289	2	6	2014	407.1	5	2019	110.5	1895	330
289	2	6	2014	407.1	6	2020	175.9	1924	156
289	2	6	2014	407.1	edge		41.8	1931	115
29	1	6	2014	526.4	Piscivorous			1664	1881
29	1	6	2014	526.4	1	2015	665.7	1690	1216
29	1	6	2014	526.4	2	2016	197.9	1698	1018
29	1	6	2014	526.4	3	2017	158.7	1704	860
29	1	6	2014	526.4	4	2018	150.0	1710	710
29	1	6	2014	526.4	5	2019	246.4	1719	464
29	1	6	2014	526.4	6	2020	191.9	1727	272
29	1	6	2014	526.4	edge		75.3	1730	197
290	3	6	2014	319.8	Piscivorous			1844	1697
290	3	6	2014	319.8	1	2015	513.0	1855	1184
290	3	6	2014	319.8	2	2016	299.0	1861	885
290	3	6	2014	319.8	3	2017	204.4	1866	681
290	3	6	2014	319.8	4	2018	134.6	1868	546
290	3	6	2014	319.8	5	2019	172.7	1872	373
290	3	6	2014	319.8	6	2020	151.4	1875	222
290	3	6	2014	319.8	edge		107.4	1877	115
291	1	7	2013	482.5	Piscivorous			1824	1775
291	1	7	2013	482.5	1	2014	571.0	1767	1207
291	1	7	2013	482.5	2	2015	206.3	1746	1001
291	1	7	2013	482.5	3	2016	173.0	1729	829
291	1	7	2013	482.5	4	2017	96.2	1719	734
291	1	7	2013	482.5	5	2018	308.8	1688	426
291	1	7	2013	482.5	6	2019	133.3	1675	294
291	1	7	2013	482.5	7	2020	59.6	1669	234
291	1	7	2013	482.5	edge		46.1	1664	189
3	2	6	2014	619.3	Piscivorous			1706	1935
3	2	6	2014	619.3	1	2015	990.3	1558	956
3	2	6	2014	619.3	2	2016	241.7	1522	717
3	2	6	2014	619.3	3	2017	141.6	1501	577
3	2	6	2014	619.3	4	2018	182.0	1474	397
3	2	6	2014	619.3	5	2019	136.3	1454	262
3	2	6	2014	619.3	6	2020	113.4	1437	150
3	2	6	2014	619.3	edge		97.3	1423	54
30	2	5	2015	500.1	Piscivorous			1701	2017
30	2	5	2015	500.1	1	2016	885.4	1716	1131
30	2	5	2015	500.1	2	2017	430.7	1723	701
30	2	5	2015	500.1	3	2018	282.3	1727	419
30	2	5	2015	500.1	4	2019	131.3	1730	287
30	2	5	2015	500.1	5	2020	180.9	1733	106
30	2	5	2015	500.1	edge		77.7	1734	29
31	1	9	2011	317.1	Piscivorous			1820	1832
31	1	9	2011	317.1	1	2012	541.3	1851	1292
31	1	9	2011	317.1	2	2013	186.8	1861	1105
31	1	9	2011	317.1	3	2014	156.0	1870	950
31	1	9	2011	317.1	4	2015	111.2	1876	839
31	1	9	2011	317.1	5	2016	118.7	1883	720
31	1	9	2011	317.1	6	2017	133.7	1891	587
31	1	9	2011	317.1	7	2018	67.3	1894	519
31	1	9	2011	317.1	8	2019	121.6	1901	398
31	1	9	2011	317.1	9	2020	50.0	1904	348
31	1	9	2011	317.1	edge		106.4	1910	242
32	1	10	2010	364.1	Piscivorous			1904	1968
32	1	10	2010	364.1	1	2011	472.1	1886	1496
32	1	10	2010	364.1	2	2012	132.4	1881	1364
32	1	10	2010	364.1	3	2013	108.2	1877	1256
32	1	10	2010	364.1	4	2014	195.4	1870	1061
32	1	10	2010	364.1	5	2015	169.1	1863	892
32	1	10	2010	364.1	6	2016	199.4	1856	692
32	1	10	2010	364.1	7	2017	159.6	1850	533
32	1	10	2010	364.1	8	2018	153.0	1844	380
32	1	10	2010	364.1	9	2019	156.0	1838	224
32	1	10	2010	364.1	10	2020	139.4	1832	85
32	1	10	2010	364.1	edge		12.8	1832	72
33	2	4	2016	507.3	Piscivorous			1722	1795
33	2	4	2016	507.3	1	2017	798.2	1653	1000
33	2	4	2016	507.3	2	2018	245.5	1632	755
33	2	4	2016	507.3	3	2019	422.7	1596	334
33	2	4	2016	507.3	4	2020	117.7	1586	217
33	2	4	2016	507.3	edge		143.6	1574	74
34	2	7	2013	349.0	Piscivorous			1615	2021
34	2	7	2013	349.0	1	2014	676.1	1647	1345
34	2	7	2013	349.0	2	2015	296.3	1661	1049
34	2	7	2013	349.0	3	2016	257.0	1673	793
34	2	7	2013	349.0	4	2017	222.2	1683	571
34	2	7	2013	349.0	5	2018	177.0	1691	394
34	2	7	2013	349.0	6	2019	97.7	1696	296
34	2	7	2013	349.0	7	2020	94.6	1700	202
34	2	7	2013	349.0	edge		103.5	1705	98
35	1	4	2016	594.0	Piscivorous			1701	1795
35	1	4	2016	594.0	1	2017	844.0	1585	959
35	1	4	2016	594.0	2	2018	228.4	1553	733
35	1	4	2016	594.0	3	2019	267.8	1516	468
35	1	4	2016	594.0	4	2020	142.5	1497	327
35	1	4	2016	594.0	edge		65.0	1488	262
36	2	12	2008	311.2	Piscivorous			1365	1881
36	2	12	2008	311.2	1	2009	489.6	1464	1402
36	2	12	2008	311.2	2	2010	234.2	1511	1173
36	2	12	2008	311.2	3	2011	134.8	1539	1041
36	2	12	2008	311.2	4	2012	111.0	1561	932
36	2	12	2008	311.2	5	2013	101.3	1582	833
36	2	12	2008	311.2	6	2014	119.0	1606	716
36	2	12	2008	311.2	7	2015	166.2	1639	553
36	2	12	2008	311.2	8	2016	96.5	1659	459
36	2	12	2008	311.2	9	2017	113.5	1682	348
36	2	12	2008	311.2	10	2018	68.9	1696	280
36	2	12	2008	311.2	11	2019	91.8	1714	190
36	2	12	2008	311.2	12	2020	100.4	1735	92
36	2	12	2008	311.2	edge		56.3	1746	37
37	2	5	2015	483.2	Piscivorous			1640	1652
37	2	5	2015	483.2	1	2016	609.3	1755	1054
37	2	5	2015	483.2	2	2017	180.0	1789	877
37	2	5	2015	483.2	3	2018	207.4	1829	673
37	2	5	2015	483.2	4	2019	176.9	1862	499
37	2	5	2015	483.2	5	2020	120.6	1885	381
37	2	5	2015	483.2	edge		66.6	1898	316
38	2	8	2012	514.7	Piscivorous			1861	1652
38	2	8	2012	514.7	1	2013	744.9	1902	908
38	2	8	2012	514.7	2	2014	200.8	1913	708
38	2	8	2012	514.7	3	2015	151.4	1921	556
38	2	8	2012	514.7	4	2016	112.3	1927	444
38	2	8	2012	514.7	5	2017	62.5	1931	382
38	2	8	2012	514.7	6	2018	50.5	1933	331
38	2	8	2012	514.7	7	2019	44.8	1936	287
38	2	8	2012	514.7	8	2020	94.6	1941	192
38	2	8	2012	514.7	edge		32.5	1943	160
39	2	6	2014	541.9	Piscivorous			1892	1903
39	2	6	2014	541.9	1	2015	904.5	2049	1012
39	2	6	2014	541.9	2	2016	237.3	2091	779
39	2	6	2014	541.9	3	2017	213.4	2128	568
39	2	6	2014	541.9	4	2018	198.5	2162	373
39	2	6	2014	541.9	5	2019	206.3	2198	170
39	2	6	2014	541.9	6	2020	89.5	2214	82
39	2	6	2014	541.9	edge		46.5	2222	36
4	2	4	2016	512.0	Piscivorous			1640	1881
4	2	4	2016	512.0	1	2017	754.9	1417	1160
4	2	4	2016	512.0	2	2018	194.4	1360	974
4	2	4	2016	512.0	3	2019	361.9	1253	628
4	2	4	2016	512.0	4	2020	182.6	1200	454
4	2	4	2016	512.0	edge		148.9	1156	312
40	2	12	2008	373.1	Piscivorous			1464	2004
40	2	12	2008	373.1	1	2009	568.5	1485	1436
40	2	12	2008	373.1	2	2010	174.4	1491	1262
40	2	12	2008	373.1	3	2011	176.2	1498	1086
40	2	12	2008	373.1	4	2012	175.9	1504	910
40	2	12	2008	373.1	5	2013	171.0	1511	739
40	2	12	2008	373.1	6	2014	121.0	1515	618
40	2	12	2008	373.1	7	2015	90.8	1519	527
40	2	12	2008	373.1	8	2016	101.0	1522	426
40	2	12	2008	373.1	9	2017	87.5	1526	339
40	2	12	2008	373.1	10	2018	73.4	1528	266
40	2	12	2008	373.1	11	2019	90.6	1532	175
40	2	12	2008	373.1	12	2020	61.0	1534	114
40	2	12	2008	373.1	edge		58.2	1536	56
41	1	3	2017	567.8	Piscivorous			1660	1804
41	1	3	2017	567.8	1	2018	804.4	1620	1000
41	1	3	2017	567.8	2	2019	431.1	1599	570
41	1	3	2017	567.8	3	2020	263.4	1586	306
41	1	3	2017	567.8	edge		237.0	1574	70
42	1	2	2018	873.1	Piscivorous			1685	1746
42	1	2	2018	873.1	1	2019	1114.3	1791	637
42	1	2	2018	873.1	2	2020	315.2	1822	323
42	1	2	2018	873.1	edge		197.0	1840	127
43	2	10	2010	409.9	Piscivorous			1422	1869
43	2	10	2010	409.9	1	2011	602.7	1430	1266
43	2	10	2010	409.9	2	2012	176.3	1433	1090
43	2	10	2010	409.9	3	2013	183.4	1435	907
43	2	10	2010	409.9	4	2014	134.8	1437	772
43	2	10	2010	409.9	5	2015	172.8	1439	599
43	2	10	2010	409.9	6	2016	194.3	1442	405
43	2	10	2010	409.9	7	2017	108.7	1443	296
43	2	10	2010	409.9	8	2018	94.9	1445	201
43	2	10	2010	409.9	9	2019	57.1	1445	144
43	2	10	2010	409.9	10	2020	66.2	1446	78
43	2	10	2010	409.9	edge		53.4	1447	25
44	2	8	2012	456.6	Piscivorous			1562	1812
44	2	8	2012	456.6	1	2013	605.0	1387	1232
44	2	8	2012	456.6	2	2014	322.4	1295	924
44	2	8	2012	456.6	3	2015	240.6	1225	693
44	2	8	2012	456.6	4	2016	251.7	1153	452
44	2	8	2012	456.6	5	2017	138.5	1113	319
44	2	8	2012	456.6	6	2018	104.9	1083	219
44	2	8	2012	456.6	7	2019	63.2	1065	159
44	2	8	2012	456.6	8	2020	94.2	1037	68
44	2	8	2012	456.6	edge		58.5	1021	12
45	1	12	2008	293.9	Piscivorous			1871	1788
45	1	12	2008	293.9	1	2009	598.5	1869	1190
45	1	12	2008	293.9	2	2010	161.2	1869	1028
45	1	12	2008	293.9	3	2011	86.0	1869	942
45	1	12	2008	293.9	4	2012	100.4	1869	842
45	1	12	2008	293.9	5	2013	125.4	1868	717
45	1	12	2008	293.9	6	2014	103.9	1868	613
45	1	12	2008	293.9	7	2015	197.2	1868	416
45	1	12	2008	293.9	8	2016	78.8	1868	337
45	1	12	2008	293.9	9	2017	103.9	1867	233
45	1	12	2008	293.9	10	2018	53.7	1867	179
45	1	12	2008	293.9	11	2019	25.1	1867	154
45	1	12	2008	293.9	12	2020	42.9	1867	111
45	1	12	2008	293.9	edge		25.2	1867	86
46	2	6	2014	603.7	Piscivorous			1857	1709
46	2	6	2014	603.7	1	2015	758.6	1879	951
46	2	6	2014	603.7	2	2016	171.8	1884	779
46	2	6	2014	603.7	3	2017	262.3	1892	517
46	2	6	2014	603.7	4	2018	217.9	1899	299
46	2	6	2014	603.7	5	2019	93.5	1902	206
46	2	6	2014	603.7	6	2020	94.7	1904	111
46	2	6	2014	603.7	edge		53.7	1906	57
47	1	10	2010	419.3	Piscivorous			1731	1727
47	1	10	2010	419.3	1	2011	526.6	1711	1201
47	1	10	2010	419.3	2	2012	163.3	1705	1038
47	1	10	2010	419.3	3	2013	200.3	1697	838
47	1	10	2010	419.3	4	2014	152.2	1692	686
47	1	10	2010	419.3	5	2015	190.6	1684	495
47	1	10	2010	419.3	6	2016	97.1	1681	398
47	1	10	2010	419.3	7	2017	86.3	1677	312
47	1	10	2010	419.3	8	2018	106.8	1673	205
47	1	10	2010	419.3	9	2019	39.5	1672	166
47	1	10	2010	419.3	10	2020	77.3	1669	88
47	1	10	2010	419.3	edge		70.5	1666	18
48	2	10	2010	311.3	Piscivorous			1426	1910
48	2	10	2010	311.3	1	2011	450.9	1375	1462
48	2	10	2010	311.3	2	2012	205.0	1351	1259
48	2	10	2010	311.3	3	2013	78.8	1342	1180
48	2	10	2010	311.3	4	2014	91.1	1332	1090
48	2	10	2010	311.3	5	2015	140.6	1316	950
48	2	10	2010	311.3	6	2016	210.0	1292	741
48	2	10	2010	311.3	7	2017	205.0	1268	538
48	2	10	2010	311.3	8	2018	185.1	1247	354
48	2	10	2010	311.3	9	2019	99.6	1236	255
48	2	10	2010	311.3	10	2020	74.2	1227	181
48	2	10	2010	311.3	edge		50.3	1221	131
49	1	10	2010	355.3	Piscivorous			1885	1824
49	1	10	2010	355.3	1	2011	459.0	1936	1368
49	1	10	2010	355.3	2	2012	133.1	1950	1236
49	1	10	2010	355.3	3	2013	240.3	1977	997
49	1	10	2010	355.3	4	2014	143.5	1993	854
49	1	10	2010	355.3	5	2015	150.7	2009	704
49	1	10	2010	355.3	6	2016	168.0	2027	537
49	1	10	2010	355.3	7	2017	132.2	2042	406
49	1	10	2010	355.3	8	2018	141.7	2058	265
49	1	10	2010	355.3	9	2019	118.2	2070	148
49	1	10	2010	355.3	10	2020	92.3	2081	56
49	1	10	2010	355.3	edge		52.1	2086	4
5	3	3	2017	541.8	Piscivorous			1856	1867
5	3	3	2017	541.8	1	2018	980.5	1705	898
5	3	3	2017	541.8	2	2019	415.4	1640	488
5	3	3	2017	541.8	3	2020	158.6	1616	331
5	3	3	2017	541.8	edge		114.1	1598	219
50	3	8	2012	394.0	Piscivorous			1574	1963
50	3	8	2012	394.0	1	2013	659.1	1639	1308
50	3	8	2012	394.0	2	2014	165.6	1656	1143
50	3	8	2012	394.0	3	2015	265.5	1682	879
50	3	8	2012	394.0	4	2016	128.9	1695	750
50	3	8	2012	394.0	5	2017	215.3	1716	536
50	3	8	2012	394.0	6	2018	87.7	1725	449
50	3	8	2012	394.0	7	2019	135.0	1739	314
50	3	8	2012	394.0	8	2020	184.4	1757	131
50	3	8	2012	394.0	edge		57.5	1763	74
51	2	4	2016	682.9	Piscivorous			1664	1841
51	2	4	2016	682.9	1	2017	900.5	1643	941
51	2	4	2016	682.9	2	2018	311.7	1635	629
51	2	4	2016	682.9	3	2019	165.4	1631	464
51	2	4	2016	682.9	4	2020	194.9	1627	269
51	2	4	2016	682.9	edge		75.1	1625	194
52	1	4	2016	467.4	Piscivorous			1390	1902
52	1	4	2016	467.4	1	2017	839.4	1471	1066
52	1	4	2016	467.4	2	2018	228.4	1494	839
52	1	4	2016	467.4	3	2019	336.8	1526	504
52	1	4	2016	467.4	4	2020	242.3	1550	263
52	1	4	2016	467.4	edge		161.1	1566	102
53	1	5	2015	590.3	Piscivorous			1685	1767
53	1	5	2015	590.3	1	2016	763.2	1730	1005
53	1	5	2015	590.3	2	2017	254.2	1745	751
53	1	5	2015	590.3	3	2018	231.3	1758	520
53	1	5	2015	590.3	4	2019	18.5	1759	502
53	1	5	2015	590.3	5	2020	221.0	1772	281
53	1	5	2015	590.3	edge		183.0	1783	98
54	2	5	2015	545.5	Piscivorous			2095	1787
54	2	5	2015	545.5	1	2016	901.2	1757	952
54	2	5	2015	545.5	2	2017	217.7	1675	750
54	2	5	2015	545.5	3	2018	253.6	1580	515
54	2	5	2015	545.5	4	2019	178.0	1513	350
54	2	5	2015	545.5	5	2020	128.6	1465	231
54	2	5	2015	545.5	edge		102.8	1426	135
55	1	4	2016	569.8	Piscivorous			1933	1878
55	1	4	2016	569.8	1	2017	732.6	1839	1151
55	1	4	2016	569.8	2	2018	391.6	1789	763
55	1	4	2016	569.8	3	2019	188.0	1765	577
55	1	4	2016	569.8	4	2020	329.6	1723	250
55	1	4	2016	569.8	edge		67.3	1714	183
56	2	7	2013	331.6	Piscivorous			1857	1738
56	2	7	2013	331.6	1	2014	526.6	1896	1213
56	2	7	2013	331.6	2	2015	169.1	1909	1044
56	2	7	2013	331.6	3	2016	151.5	1920	893
56	2	7	2013	331.6	4	2017	175.8	1934	718
56	2	7	2013	331.6	5	2018	148.7	1945	570
56	2	7	2013	331.6	6	2019	131.1	1955	439
56	2	7	2013	331.6	7	2020	139.0	1965	300
56	2	7	2013	331.6	edge		140.8	1976	160
57	1	5	2015	464.3	Piscivorous			1570	1840
57	1	5	2015	464.3	1	2016	743.0	1610	1098
57	1	5	2015	464.3	2	2017	358.1	1629	741
57	1	5	2015	464.3	3	2018	257.6	1643	484
57	1	5	2015	464.3	4	2019	225.8	1655	258
57	1	5	2015	464.3	5	2020	139.6	1662	119
57	1	5	2015	464.3	edge		36.8	1664	82
58	1	8	2012	276.5	Piscivorous			1588	1984
58	1	8	2012	276.5	1	2013	865.4	1554	1119
58	1	8	2012	276.5	2	2014	191.1	1546	928
58	1	8	2012	276.5	3	2015	176.8	1539	752
58	1	8	2012	276.5	4	2016	168.3	1532	584
58	1	8	2012	276.5	5	2017	164.0	1526	420
58	1	8	2012	276.5	6	2018	135.7	1521	284
58	1	8	2012	276.5	7	2019	107.3	1516	177
58	1	8	2012	276.5	8	2020	64.1	1514	113
58	1	8	2012	276.5	edge		44.8	1512	68
59	2	4	2016	579.4	Piscivorous			1774	1906
59	2	4	2016	579.4	1	2017	1042.5	1783	864
59	2	4	2016	579.4	2	2018	208.3	1784	656
59	2	4	2016	579.4	3	2019	204.4	1786	451
59	2	4	2016	579.4	4	2020	189.9	1788	261
59	2	4	2016	579.4	edge		78.6	1788	183
6	2	7	2013	434.7	Piscivorous			1604	1724
6	2	7	2013	434.7	1	2014	556.8	1686	1173
6	2	7	2013	434.7	2	2015	249.8	1723	926
6	2	7	2013	434.7	3	2016	174.5	1749	754
6	2	7	2013	434.7	4	2017	162.4	1773	593
6	2	7	2013	434.7	5	2018	102.9	1788	491
6	2	7	2013	434.7	6	2019	139.2	1809	354
6	2	7	2013	434.7	7	2020	104.0	1824	251
6	2	7	2013	434.7	edge		51.4	1832	200
60	2	7	2013	504.3	Piscivorous			1603	1709
60	2	7	2013	504.3	1	2014	771.7	1520	942
60	2	7	2013	504.3	2	2015	145.4	1505	797
60	2	7	2013	504.3	3	2016	224.5	1481	574
60	2	7	2013	504.3	4	2017	137.6	1466	437
60	2	7	2013	504.3	5	2018	117.7	1453	320
60	2	7	2013	504.3	6	2019	57.5	1447	263
60	2	7	2013	504.3	7	2020	57.9	1441	206
60	2	7	2013	504.3	edge		58.4	1435	148
61	3	5	2015	393.5	Piscivorous			1562	1918
61	3	5	2015	393.5	1	2016	725.9	1543	1193
61	3	5	2015	393.5	2	2017	299.1	1536	894
61	3	5	2015	393.5	3	2018	212.2	1531	681
61	3	5	2015	393.5	4	2019	234.9	1525	447
61	3	5	2015	393.5	5	2020	241.2	1519	206
61	3	5	2015	393.5	edge		86.7	1517	119
62	1	9	2011	548.6	Piscivorous			1890	1922
62	1	9	2011	548.6	1	2012	709.6	1944	1215
62	1	9	2011	548.6	2	2013	127.6	1954	1088
62	1	9	2011	548.6	3	2014	130.1	1964	958
62	1	9	2011	548.6	4	2015	189.9	1979	769
62	1	9	2011	548.6	5	2016	221.6	1996	548
62	1	9	2011	548.6	6	2017	114.4	2005	434
62	1	9	2011	548.6	7	2018	136.4	2016	298
62	1	9	2011	548.6	8	2019	89.9	2023	208
62	1	9	2011	548.6	9	2020	57.5	2027	151
62	1	9	2011	548.6	edge		77.0	2033	74
63	1	8	2012	237.0	Piscivorous			1906	1758
63	1	8	2012	237.0	1	2013	651.4	1729	1131
63	1	8	2012	237.0	2	2014	140.8	1691	996
63	1	8	2012	237.0	3	2015	131.1	1655	870
63	1	8	2012	237.0	4	2016	48.5	1642	823
63	1	8	2012	237.0	5	2017	237.6	1577	595
63	1	8	2012	237.0	6	2018	117.1	1546	482
63	1	8	2012	237.0	7	2019	97.4	1519	388
63	1	8	2012	237.0	8	2020	93.5	1494	298
63	1	8	2012	237.0	edge		67.0	1476	234
64	3	6	2014	680.3	Piscivorous			1524	1895
64	3	6	2014	680.3	1	2015	954.0	1519	941
64	3	6	2014	680.3	2	2016	243.0	1518	698
64	3	6	2014	680.3	3	2017	242.9	1517	455
64	3	6	2014	680.3	4	2018	147.1	1516	308
64	3	6	2014	680.3	5	2019	135.0	1515	173
64	3	6	2014	680.3	6	2020	51.0	1515	122
64	3	6	2014	680.3	edge		21.0	1515	101
65	3	10	2010	221.4	Piscivorous			1664	1681
65	3	10	2010	221.4	1	2011	354.4	1631	1328
65	3	10	2010	221.4	2	2012	134.3	1619	1194
65	3	10	2010	221.4	3	2013	177.8	1603	1017
65	3	10	2010	221.4	4	2014	139.9	1590	878
65	3	10	2010	221.4	5	2015	99.5	1580	779
65	3	10	2010	221.4	6	2016	144.4	1567	635
65	3	10	2010	221.4	7	2017	131.7	1555	504
65	3	10	2010	221.4	8	2018	81.6	1547	422
65	3	10	2010	221.4	9	2019	58.3	1542	364
65	3	10	2010	221.4	10	2020	44.5	1538	320
65	3	10	2010	221.4	edge		53.8	1533	266
66	2	4	2016	660.2	Piscivorous			1734	1734
66	2	4	2016	660.2	1	2017	860.8	1740	873
66	2	4	2016	660.2	2	2018	192.7	1742	680
66	2	4	2016	660.2	3	2019	184.4	1743	496
66	2	4	2016	660.2	4	2020	204.9	1745	291
66	2	4	2016	660.2	edge		209.0	1746	82
67	2	7	2013	484.2	Piscivorous			1865	1795
67	2	7	2013	484.2	1	2014	659.9	1749	1146
67	2	7	2013	484.2	2	2015	193.4	1715	955
67	2	7	2013	484.2	3	2016	115.2	1694	842
67	2	7	2013	484.2	4	2017	245.7	1651	600
67	2	7	2013	484.2	5	2018	144.8	1626	457
67	2	7	2013	484.2	6	2019	113.1	1606	346
67	2	7	2013	484.2	7	2020	78.7	1592	269
67	2	7	2013	484.2	edge		102.2	1574	168
68	2	10	2010	290.3	Piscivorous			1742	1828
68	2	10	2010	290.3	1	2011	587.9	1676	1244
68	2	10	2010	290.3	2	2012	231.9	1650	1014
68	2	10	2010	290.3	3	2013	157.5	1632	857
68	2	10	2010	290.3	4	2014	137.5	1616	720
68	2	10	2010	290.3	5	2015	128.6	1602	593
68	2	10	2010	290.3	6	2016	85.6	1592	508
68	2	10	2010	290.3	7	2017	87.2	1582	421
68	2	10	2010	290.3	8	2018	94.0	1572	327
68	2	10	2010	290.3	9	2019	72.5	1563	255
68	2	10	2010	290.3	10	2020	58.1	1557	198
68	2	10	2010	290.3	edge		29.8	1553	168
69	1	4	2016	579.1	Piscivorous			1603	1824
69	1	4	2016	579.1	1	2017	905.9	1598	918
69	1	4	2016	579.1	2	2018	195.6	1597	723
69	1	4	2016	579.1	3	2019	238.9	1596	484
69	1	4	2016	579.1	4	2020	168.0	1595	316
69	1	4	2016	579.1	edge		73.8	1594	242
7	2	7	2013	524.3	Piscivorous			1562	1865
7	2	7	2013	524.3	1	2014	670.2	1507	1197
7	2	7	2013	524.3	2	2015	124.6	1497	1073
7	2	7	2013	524.3	3	2016	188.9	1481	885
7	2	7	2013	524.3	4	2017	229.4	1463	656
7	2	7	2013	524.3	5	2018	267.2	1441	390
7	2	7	2013	524.3	6	2019	160.7	1428	229
7	2	7	2013	524.3	7	2020	65.4	1423	164
7	2	7	2013	524.3	edge		53.8	1418	111
70	2	5	2015	439.7	Piscivorous			1688	1673
70	2	5	2015	439.7	1	2016	709.5	1691	964
70	2	5	2015	439.7	2	2017	190.6	1692	773
70	2	5	2015	439.7	3	2018	192.8	1693	580
70	2	5	2015	439.7	4	2019	139.7	1694	441
70	2	5	2015	439.7	5	2020	121.9	1694	319
70	2	5	2015	439.7	edge		107.4	1695	211
71	2	4	2016	591.7	Piscivorous			1787	1771
71	2	4	2016	591.7	1	2017	909.5	1807	861
71	2	4	2016	591.7	2	2018	266.1	1813	595
71	2	4	2016	591.7	3	2019	139.4	1816	456
71	2	4	2016	591.7	4	2020	193.5	1820	263
71	2	4	2016	591.7	edge		188.9	1824	74
72	2	7	2013	468.2	Piscivorous			1582	1754
72	2	7	2013	468.2	1	2014	707.3	1648	1050
72	2	7	2013	468.2	2	2015	158.5	1663	892
72	2	7	2013	468.2	3	2016	101.7	1673	791
72	2	7	2013	468.2	4	2017	159.2	1688	633
72	2	7	2013	468.2	5	2018	141.8	1701	491
72	2	7	2013	468.2	6	2019	142.7	1714	349
72	2	7	2013	468.2	7	2020	146.0	1728	204
72	2	7	2013	468.2	edge		106.0	1738	98
73	3	10	2010	609.3	Piscivorous			1619	1861
73	3	10	2010	609.3	1	2011	710.7	1695	1154
73	3	10	2010	609.3	2	2012	96.8	1705	1058
73	3	10	2010	609.3	3	2013	103.2	1716	955
73	3	10	2010	609.3	4	2014	111.8	1728	844
73	3	10	2010	609.3	5	2015	243.1	1754	603
73	3	10	2010	609.3	6	2016	91.0	1764	512
73	3	10	2010	609.3	7	2017	196.9	1785	316
73	3	10	2010	609.3	8	2018	157.1	1802	160
73	3	10	2010	609.3	9	2019	53.9	1807	107
73	3	10	2010	609.3	10	2020	44.8	1812	62
73	3	10	2010	609.3	edge		33.5	1816	29
74	2	8	2012	320.7	Piscivorous			1447	1922
74	2	8	2012	320.7	1	2013	496.2	1461	1426
74	2	8	2012	320.7	2	2014	270.9	1468	1156
74	2	8	2012	320.7	3	2015	164.3	1473	991
74	2	8	2012	320.7	4	2016	208.4	1479	783
74	2	8	2012	320.7	5	2017	163.9	1483	619
74	2	8	2012	320.7	6	2018	193.1	1489	426
74	2	8	2012	320.7	7	2019	131.1	1492	295
74	2	8	2012	320.7	8	2020	61.5	1494	234
74	2	8	2012	320.7	edge		69.7	1496	164
75	1	9	2011	304.3	Piscivorous			1799	1890
75	1	9	2011	304.3	1	2012	526.8	1813	1363
75	1	9	2011	304.3	2	2013	379.8	1823	983
75	1	9	2011	304.3	3	2014	119.7	1826	864
75	1	9	2011	304.3	4	2015	119.6	1829	744
75	1	9	2011	304.3	5	2016	122.2	1832	622
75	1	9	2011	304.3	6	2017	139.0	1835	483
75	1	9	2011	304.3	7	2018	118.5	1839	364
75	1	9	2011	304.3	8	2019	92.1	1841	272
75	1	9	2011	304.3	9	2020	74.0	1843	198
75	1	9	2011	304.3	edge		67.2	1844	131
76	2	10	2010	370.4	Piscivorous			1898	1853
76	2	10	2010	370.4	1	2011	496.8	1925	1357
76	2	10	2010	370.4	2	2012	127.5	1932	1229
76	2	10	2010	370.4	3	2013	90.7	1937	1139
76	2	10	2010	370.4	4	2014	140.3	1945	999
76	2	10	2010	370.4	5	2015	186.9	1955	812
76	2	10	2010	370.4	6	2016	140.7	1963	672
76	2	10	2010	370.4	7	2017	139.4	1970	532
76	2	10	2010	370.4	8	2018	134.8	1978	398
76	2	10	2010	370.4	9	2019	190.4	1988	208
76	2	10	2010	370.4	10	2020	104.0	1994	104
76	2	10	2010	370.4	edge		42.4	1996	61
77	1	8	2012	410.2	Piscivorous			1763	2000
77	1	8	2012	410.2	1	2013	877.7	1701	1125
77	1	8	2012	410.2	2	2014	218.7	1685	907
77	1	8	2012	410.2	3	2015	156.9	1674	750
77	1	8	2012	410.2	4	2016	132.3	1665	618
77	1	8	2012	410.2	5	2017	201.3	1650	417
77	1	8	2012	410.2	6	2018	195.8	1637	222
77	1	8	2012	410.2	7	2019	107.9	1629	114
77	1	8	2012	410.2	8	2020	51.7	1625	63
77	1	8	2012	410.2	edge		30.1	1623	33
78	1	11	2009	232.1	Piscivorous			1584	1892
78	1	11	2009	232.1	1	2010	347.0	1570	1545
78	1	11	2009	232.1	2	2011	138.4	1565	1407
78	1	11	2009	232.1	3	2012	86.6	1561	1321
78	1	11	2009	232.1	4	2013	123.4	1556	1197
78	1	11	2009	232.1	5	2014	183.3	1549	1014
78	1	11	2009	232.1	6	2015	324.3	1536	690
78	1	11	2009	232.1	7	2016	129.3	1531	561
78	1	11	2009	232.1	8	2017	90.3	1527	471
78	1	11	2009	232.1	9	2018	96.0	1523	375
78	1	11	2009	232.1	10	2019	74.8	1520	300
78	1	11	2009	232.1	11	2020	51.1	1518	249
78	1	11	2009	232.1	edge		52.9	1516	196
79	1	11	2009	262.5	Piscivorous			1758	1877
79	1	11	2009	262.5	1	2010	356.7	1750	1521
79	1	11	2009	262.5	2	2011	131.0	1747	1390
79	1	11	2009	262.5	3	2012	131.2	1744	1259
79	1	11	2009	262.5	4	2013	238.1	1738	1021
79	1	11	2009	262.5	5	2014	180.0	1734	841
79	1	11	2009	262.5	6	2015	156.0	1730	685
79	1	11	2009	262.5	7	2016	155.6	1726	529
79	1	11	2009	262.5	8	2017	110.6	1724	418
79	1	11	2009	262.5	9	2018	61.8	1722	357
79	1	11	2009	262.5	10	2019	70.0	1720	287
79	1	11	2009	262.5	11	2020	77.6	1719	209
79	1	11	2009	262.5	edge		45.3	1717	164
8	1	9	2011	343.5	Piscivorous			1791	1849
8	1	9	2011	343.5	1	2012	478.0	1833	1372
8	1	9	2011	343.5	2	2013	138.8	1845	1234
8	1	9	2011	343.5	3	2014	166.9	1860	1068
8	1	9	2011	343.5	4	2015	196.6	1877	872
8	1	9	2011	343.5	5	2016	273.9	1901	599
8	1	9	2011	343.5	6	2017	120.7	1912	479
8	1	9	2011	343.5	7	2018	145.4	1924	334
8	1	9	2011	343.5	8	2019	114.0	1934	221
8	1	9	2011	343.5	9	2020	82.7	1942	138
8	1	9	2011	343.5	edge		60.5	1947	78
80	1	6	2014	574.1	Piscivorous			1750	1890
80	1	6	2014	574.1	1	2015	789.7	1687	1102
80	1	6	2014	574.1	2	2016	226.3	1669	877
80	1	6	2014	574.1	3	2017	228.9	1651	649
80	1	6	2014	574.1	4	2018	208.3	1634	441
80	1	6	2014	574.1	5	2019	176.9	1620	265
80	1	6	2014	574.1	6	2020	169.1	1606	96
80	1	6	2014	574.1	edge		47.1	1603	49
81	2	10	2010	362.2	Piscivorous			1660	1672
81	2	10	2010	362.2	1	2011	564.8	1680	1108
81	2	10	2010	362.2	2	2012	261.0	1689	847
81	2	10	2010	362.2	3	2013	124.3	1694	722
81	2	10	2010	362.2	4	2014	91.2	1697	631
81	2	10	2010	362.2	5	2015	96.7	1701	535
81	2	10	2010	362.2	6	2016	170.6	1707	364
81	2	10	2010	362.2	7	2017	71.5	1709	293
81	2	10	2010	362.2	8	2018	64.0	1711	229
81	2	10	2010	362.2	9	2019	60.4	1714	168
81	2	10	2010	362.2	10	2020	32.0	1715	137
81	2	10	2010	362.2	edge		36.5	1716	100
82	1	7	2013	406.5	Piscivorous			1894	1812
82	1	7	2013	406.5	1	2014	523.3	1914	1289
82	1	7	2013	406.5	2	2015	120.7	1919	1168
82	1	7	2013	406.5	3	2016	100.3	1923	1068
82	1	7	2013	406.5	4	2017	129.3	1928	939
82	1	7	2013	406.5	5	2018	407.6	1944	532
82	1	7	2013	406.5	6	2019	138.8	1949	393
82	1	7	2013	406.5	7	2020	101.9	1953	291
82	1	7	2013	406.5	edge		57.4	1955	234
83	1	11	2009	382.7	Piscivorous			1714	1896
83	1	11	2009	382.7	1	2010	510.0	1711	1386
83	1	11	2009	382.7	2	2011	144.0	1711	1242
83	1	11	2009	382.7	3	2012	99.0	1710	1143
83	1	11	2009	382.7	4	2013	84.0	1710	1059
83	1	11	2009	382.7	5	2014	89.9	1709	969
83	1	11	2009	382.7	6	2015	90.1	1709	879
83	1	11	2009	382.7	7	2016	147.0	1708	732
83	1	11	2009	382.7	8	2017	195.0	1707	537
83	1	11	2009	382.7	9	2018	125.9	1707	411
83	1	11	2009	382.7	10	2019	123.0	1706	288
83	1	11	2009	382.7	11	2020	150.0	1705	138
83	1	11	2009	382.7	edge		75.0	1705	63
84	2	2	2018	548.3	Piscivorous			1659	1846
84	2	2	2018	548.3	1	2019	1025.1	1629	821
84	2	2	2018	548.3	2	2020	495.2	1614	326
84	2	2	2018	548.3	edge		157.6	1609	168
85	3	6	2014	632.3	Piscivorous			2045	1894
85	3	6	2014	632.3	1	2015	803.3	2042	1090
85	3	6	2014	632.3	2	2016	266.5	2041	824
85	3	6	2014	632.3	3	2017	208.9	2040	615
85	3	6	2014	632.3	4	2018	119.0	2039	496
85	3	6	2014	632.3	5	2019	180.3	2038	316
85	3	6	2014	632.3	6	2020	131.2	2038	184
85	3	6	2014	632.3	edge		143.4	2037	41
86	2	0	2020	1135.1	Piscivorous			1685	1873
86	2	0	2020	1135.1	edge		1794.8	1480	90
87	2	3	2017	1128.5	Piscivorous			1381	1992
87	2	3	2017	1128.5	1	2018	1409.6	1483	586
87	2	3	2017	1128.5	2	2019	214.4	1498	372
87	2	3	2017	1128.5	3	2020	244.7	1516	128
87	2	3	2017	1128.5	edge		62.8	1521	66
88	1	11	2009	415.6	Piscivorous			1804	1713
88	1	11	2009	415.6	1	2010	562.0	1818	1152
88	1	11	2009	415.6	2	2011	147.1	1822	1004
88	1	11	2009	415.6	3	2012	93.4	1825	911
88	1	11	2009	415.6	4	2013	91.5	1827	820
88	1	11	2009	415.6	5	2014	143.3	1831	676
88	1	11	2009	415.6	6	2015	119.5	1834	557
88	1	11	2009	415.6	7	2016	103.1	1836	454
88	1	11	2009	415.6	8	2017	66.0	1838	388
88	1	11	2009	415.6	9	2018	84.9	1840	303
88	1	11	2009	415.6	10	2019	45.6	1842	258
88	1	11	2009	415.6	11	2020	56.5	1843	201
88	1	11	2009	415.6	edge		53.5	1844	148
89	1	6	2014	374.7	Piscivorous			1586	1898
89	1	6	2014	374.7	1	2015	776.7	1654	1124
89	1	6	2014	374.7	2	2016	174.3	1669	950
89	1	6	2014	374.7	3	2017	240.9	1690	710
89	1	6	2014	374.7	4	2018	191.0	1706	520
89	1	6	2014	374.7	5	2019	250.2	1728	271
89	1	6	2014	374.7	6	2020	95.3	1736	176
89	1	6	2014	374.7	edge		69.4	1742	107
9	1	13	2007	239.0	Piscivorous			1660	1836
9	1	13	2007	239.0	1	2008	338.2	1713	1502
9	1	13	2007	239.0	2	2009	99.1	1729	1404
9	1	13	2007	239.0	3	2010	125.9	1748	1280
9	1	13	2007	239.0	4	2011	164.5	1774	1118
9	1	13	2007	239.0	5	2012	117.8	1793	1001
9	1	13	2007	239.0	6	2013	70.7	1804	931
9	1	13	2007	239.0	7	2014	115.3	1822	818
9	1	13	2007	239.0	8	2015	116.6	1840	702
9	1	13	2007	239.0	9	2016	117.6	1859	586
9	1	13	2007	239.0	10	2017	100.8	1875	487
9	1	13	2007	239.0	11	2018	78.2	1887	409
9	1	13	2007	239.0	12	2019	68.8	1898	341
9	1	13	2007	239.0	13	2020	41.8	1904	300
9	1	13	2007	239.0	edge		63.3	1914	238
90	1	9	2011	281.5	Piscivorous			1656	2008
90	1	9	2011	281.5	1	2012	663.3	1708	1347
90	1	9	2011	281.5	2	2013	204.6	1724	1143
90	1	9	2011	281.5	3	2014	168.5	1737	975
90	1	9	2011	281.5	4	2015	165.0	1750	811
90	1	9	2011	281.5	5	2016	142.0	1761	669
90	1	9	2011	281.5	6	2017	208.2	1777	462
90	1	9	2011	281.5	7	2018	158.1	1790	304
90	1	9	2011	281.5	8	2019	109.3	1798	195
90	1	9	2011	281.5	9	2020	99.0	1806	96
90	1	9	2011	281.5	edge		71.9	1812	25
91	1	8	2012	611.0	Piscivorous			1676	2041
91	1	8	2012	611.0	1	2013	779.2	1698	1262
91	1	8	2012	611.0	2	2014	155.8	1702	1107
91	1	8	2012	611.0	3	2015	148.1	1707	959
91	1	8	2012	611.0	4	2016	143.9	1711	815
91	1	8	2012	611.0	5	2017	277.9	1718	537
91	1	8	2012	611.0	6	2018	106.5	1721	430
91	1	8	2012	611.0	7	2019	102.5	1724	328
91	1	8	2012	611.0	8	2020	110.9	1727	217
91	1	8	2012	611.0	edge		94.2	1730	123
92	2	3	2017	905.2	Piscivorous			1656	1861
92	2	3	2017	905.2	1	2018	1099.1	1501	773
92	2	3	2017	905.2	2	2019	189.6	1474	585
92	2	3	2017	905.2	3	2020	238.2	1440	349
92	2	3	2017	905.2	edge		125.2	1422	225
93	2	2	2018	752.0	Piscivorous			1791	1869
93	2	2	2018	752.0	1	2019	1255.9	1718	615
93	2	2	2018	752.0	2	2020	148.7	1710	467
93	2	2	2018	752.0	edge		221.2	1697	246
94	2	3	2017	820.5	Piscivorous			1586	1791
94	2	3	2017	820.5	1	2018	1226.7	1882	601
94	2	3	2017	820.5	2	2019	217.7	1934	389
94	2	3	2017	820.5	3	2020	182.9	1978	212
94	2	3	2017	820.5	edge		91.5	2000	123
95	2	5	2015	443.2	Piscivorous			1730	1926
95	2	5	2015	443.2	1	2016	797.2	1667	1132
95	2	5	2015	443.2	2	2017	298.6	1644	834
95	2	5	2015	443.2	3	2018	222.9	1627	612
95	2	5	2015	443.2	4	2019	156.6	1615	456
95	2	5	2015	443.2	5	2020	201.2	1599	255
95	2	5	2015	443.2	edge		107.8	1590	148
96	2	5	2015	709.9	Piscivorous			1767	1881
96	2	5	2015	709.9	1	2016	930.9	1841	953
96	2	5	2015	709.9	2	2017	341.1	1868	613
96	2	5	2015	709.9	3	2018	172.3	1881	442
96	2	5	2015	709.9	4	2019	87.4	1888	355
96	2	5	2015	709.9	5	2020	122.3	1898	233
96	2	5	2015	709.9	edge		151.2	1910	82
97	1	8	2012	354.9	Piscivorous			1734	1750
97	1	8	2012	354.9	1	2013	557.1	1516	1238
97	1	8	2012	354.9	2	2014	289.0	1403	972
97	1	8	2012	354.9	3	2015	307.9	1283	688
97	1	8	2012	354.9	4	2016	143.2	1227	556
97	1	8	2012	354.9	5	2017	143.2	1171	425
97	1	8	2012	354.9	6	2018	122.7	1123	312
97	1	8	2012	354.9	7	2019	102.8	1082	217
97	1	8	2012	354.9	8	2020	44.1	1065	177
97	1	8	2012	354.9	edge		40.4	1049	139
98	2	5	2015	529.3	Piscivorous			1402	1836
98	2	5	2015	529.3	1	2016	869.1	1480	971
98	2	5	2015	529.3	2	2017	251.2	1502	720
98	2	5	2015	529.3	3	2018	224.5	1522	497
98	2	5	2015	529.3	4	2019	188.9	1539	309
98	2	5	2015	529.3	5	2020	115.8	1549	193
98	2	5	2015	529.3	edge		91.3	1558	102
99	1	14	2006	352.6	Piscivorous			1779	1627
99	1	14	2006	352.6	1	2007	473.6	1764	1154
99	1	14	2006	352.6	2	2008	91.4	1761	1063
99	1	14	2006	352.6	3	2009	57.5	1759	1005
99	1	14	2006	352.6	4	2010	59.2	1758	946
99	1	14	2006	352.6	5	2011	72.3	1755	874
99	1	14	2006	352.6	6	2012	124.0	1751	750
99	1	14	2006	352.6	7	2013	112.2	1748	638
99	1	14	2006	352.6	8	2014	114.3	1744	523
99	1	14	2006	352.6	9	2015	97.6	1741	426
99	1	14	2006	352.6	10	2016	98.5	1738	327
99	1	14	2006	352.6	11	2017	59.1	1736	268
99	1	14	2006	352.6	12	2018	48.7	1735	220
99	1	14	2006	352.6	13	2019	47.8	1733	172
99	1	14	2006	352.6	14	2020	73.0	1731	99
99	1	14	2006	352.6	edge		37.4	1730	61
